Stone
1	120	120	120	255	96	96	96	255	60	60	60	255	48	48	48	255
Grass
2	60	113	17	255	50	94	14	255	42	79	12	255	50	94	14	255
Dirt
3	134	96	67	255	107	76	53	255	67	48	33	255	53	38	26	255
Cobblestone
4	115	115	115	255	92	92	92	255	57	57	57	255	46	46	46	255
Wooden Plank
5	157	128	79	255	125	102	63	255	78	64	39	255	62	51	31	255
Sapling
6	120	120	120	0	96	96	96	0	60	60	60	0	48	48	48	0
Bedrock
7	84	84	84	255	67	67	67	255	42	42	42	255	33	33	33	255
Water
8	38	92	255	51	30	73	204	51	19	46	127	51	15	36	102	51
Stationary Water
9	38	92	255	51	30	73	204	51	19	46	127	51	15	36	102	51
Lava
10	255	90	0	255	204	72	0	255	127	45	0	255	102	36	0	255
Stationary Lava
11	255	90	0	255	204	72	0	255	127	45	0	255	102	36	0	255
Sand
12	218	210	158	255	174	168	126	255	109	105	79	255	87	84	63	255
Gravel
13	136	126	126	255	108	100	100	255	68	63	63	255	54	50	50	255
Gold Ore
14	143	140	125	255	114	112	100	255	71	70	62	255	57	56	50	255
Iron Ore
15	136	130	127	255	108	104	101	255	68	65	63	255	54	52	50	255
Coal Ore
16	115	115	115	255	92	92	92	255	57	57	57	255	46	46	46	255
Wood - Normal
17 102 81 51 255 125 102 63 255 78 64 39 255 40 32 20 255
17:0 102 81 51 255 125 102 63 255 78 64 39 255 40 32 20 255
Wood - Spruce (Red/dark wood)
17:1 75 44 24 255 125 102 63 255 78 64 39 255 30 18 10 255
Wood - Birch (light wood)
17:2 191 191 191 255 125 102 63 255 78 64 39 255 76 76 76 255
Leaves
18	27	69	37	180	22	57	31	180	19	48	25	180	22	57	31	180
Sponge
19	193	193	65	255	174	174	47	255	97	97	5	255	76	76	20	255
Glass
20	255	255	255	64	204	204	204	64	127	127	127	64	102	102	102	64
Lapis Lazuli Ore
21	23	68	196	255	18	56	158	255	14	43	122	255	14	43	78	255
Lapis Lazuli Block
22	23	68	196	255	18	56	158	255	14	43	122	255	14	43	78	255
Dispenser
23	96	96	96	255	76	76	76	255	48	48	48	255	38	38	38	255
Sandstone
24	192	178	110	255	160	148	92	255	134	124	77	255	160	148	92	255
Note Block
25	125	91	38	255	100	72	30	255	62	45	19	255	50	36	15	255
Bed
26	200	20	20	255	160	16	16	255	100	10	10	255	80	8	8	255
Powered Rail
27	150	134	102	180	120	107	81	180	75	67	51	180	60	53	40	180
Detector Rail
28	150	134	102	180	120	107	81	180	75	67	51	180	60	53	40	180
Sticky Piston
29	157	128	79	255	96	96	96	255	78	64	39	255	48	48	48	255
Cobweb
30	138	145	145	255	110	115	115	255	69	72	72	255	55	57	57	255
Tall Grass
31	97	156	53	255	73	120	38	255	38	68	16	255	26	50	9	255
Dead Shrubs
32	75	44	24	255	60	35	19	255	37	22	12	255	30	18	10	255
Piston
33	157	128	79	255	96	96	96	255	78	64	39	255	48	48	48	255
Piston Head
34	157	128	79	255	96	96	96	255	78	64	39	255	48	48	48	255
Wool
35	247	255	239	255	244	251	236	255	204	210	197	255	244	251	236	255
35:0	247	255	239	255	244	251	236	255	204	210	197	255	244	251	236	255
Wool - Orange
35:1	227	128	52	255	224	126	51	255	187	105	42	255	224	126	51	255
Wool - Magenta
35:2	185	76	188	255	183	75	186	255	153	63	155	255	183	75	186	255
Wool - Light Blue
35:3	102	139	199	255	100	137	196	255	84	114	164	255	100	137	196	255
Wool - Yellow
35:4	189	181	26	255	187	178	26	255	156	149	22	255	187	178	26	255
Wool - Light Green
35:5	57	189	45	255	56	186	44	255	47	156	37	255	56	186	44	255
Wool - Pink
35:6	211	132	145	255	209	130	143	255	174	109	120	255	209	130	143	255
Wool - Gray
35:7	65	67	63	255	64	66	62	255	54	55	52	255	64	66	62	255
Wool - Light Gray
35:8	154	166	156	255	152	163	154	255	127	137	128	255	152	163	154	255
Wool - Cyan
35:9	38	117	141	255	37	115	139	255	31	96	116	255	37	115	139	255
Wool - Purple
35:10	126	54	184	255	124	53	181	255	104	44	151	255	124	53	181	255
Wool - Blue
35:11	38	51	144	255	37	50	143	255	31	42	119	255	37	50	143	255
Wool - Brown
35:12	83	51	26	255	82	50	26	255	69	42	22	255	82	50	26	255
Wool - Dark Green
35:13	54	77	22	255	54	76	22	255	45	63	19	255	54	76	22	255
Wool - Red
35:14	159	45	38	255	157	44	38	255	131	37	32	255	157	44	38	255
Wool - Black
35:15	26	23	22	255	26	23	21	255	22	19	18	255	26	23	21	255
Yellow Flower
37	255	255	0	255	204	204	0	255	127	127	0	255	102	102	0	255
Red Rose
38	255	0	0	255	204	0	0	255	127	0	0	255	102	0	0	255
Brown Mushroom
39	204	153	120	32	145	109	85	32	114	86	67	32	73	64	58	32
Red Mushroom
40	255	43	43	32	196	29	38	32	186	105	109	32	124	64	64	32
Gold Block
41	232	245	46	255	185	196	36	255	116	122	23	255	92	98	18	255
Iron Block
42	191	191	191	255	152	152	152	255	95	95	95	255	76	76	76	255
Double Stone Slab
43	200	200	200	255	160	160	160	255	100	100	100	255	80	80	80	255
43:0	200	200	200	255	160	160	160	255	100	100	100	255	80	80	80	255
43:6	200	200	200	255	160	160	160	255	100	100	100	255	80	80	80	255
Double Stone Slab - Sandstone
43:1	192	178	110	255	160	148	92	255	134	124	77	255	160	148	92	255
Double Stone Slab - Wood
43:2	157	128	79	255	125	102	63	255	78	64	39	255	62	51	31	255
Double Stone Slab - Cobblestone
43:3	115	115	115	255	92	92	92	255	57	57	57	255	46	46	46	255
Double Stone Slab - Brick 
43:4	170	86	62	255	136	68	49	255	85	43	31	255	68	34	24	255
Double Stone Slab - Stone Brick
43:5	200	200	200	255	160	160	160	255	100	100	100	255	80	80	80	255
Stone Slab
44	200	200	200	255	160	160	160	255	100	100	100	255	80	80	80	255
44:0	200	200	200	255	160	160	160	255	100	100	100	255	80	80	80	255
44:6	200	200	200	255	160	160	160	255	100	100	100	255	80	80	80	255
Stone Slab - Sandstone
44:1	192	178	110	255	160	148	92	255	134	124	77	255	160	148	92	255
Stone Slab - Wood
44:2	157	128	79	255	125	102	63	255	78	64	39	255	62	51	31	255
Stone Slab - Cobblestone
44:3	115	115	115	255	92	92	92	255	57	57	57	255	46	46	46	255
Stone Slab - Brick 
44:4	170	86	62	255	136	68	49	255	85	43	31	255	68	34	24	255
Stone Slab - Stone Brick
44:5	200	200	200	255	160	160	160	255	100	100	100	255	80	80	80	255
Brick
45	170	86	62	255	136	68	49	255	85	43	31	255	68	34	24	255
TNT
46	160	83	65	255	128	66	52	255	80	41	32	255	64	33	26	255
Bookshelf
47	125	91	38	192	100	72	30	192	62	45	19	192	50	36	15	192
Moss Stone
48	115	115	115	255	92	92	92	255	57	57	57	255	46	46	46	255
Obsidian
49	26	11	43	255	20	8	34	255	13	5	21	255	10	4	17	255
Torch
50	159	127	80	255	98	88	20	0	245	220	50	255	196	176	40	0
Fire
51	255	170	30	200	204	136	24	200	127	85	15	200	102	68	12	200
Monster Spawner
52	0	150	110	196	0	150	130	196	0	150	110	196	0	150	130	196
Wooden Stair
53	157	128	79	255	125	102	63	255	78	64	39	255	62	51	31	255
53:4	0	0	0	0	0	0	0	0	0	0	0	0	0	0	0	0
Chest
54	125	91	38	255	100	72	30	255	62	45	19	255	50	36	15	255
Redstone Wire
55	240	30	30	64	160	20	20	64	120	15	15	64	100	12	12	64
Diamond Ore
56	129	140	143	255	103	112	114	255	64	70	71	255	51	56	57	255
Diamond Block
57	45	166	152	255	36	132	121	255	22	83	76	255	18	66	60	255
Workbench
58	114	88	56	255	91	70	44	255	57	44	28	255	45	35	22	255
Crops
59	146	192	0	255	116	153	0	255	73	96	0	255	58	76	0	255
Farmland
60	95	58	30	255	76	46	24	255	47	29	15	255	38	23	12	255
Furnace
61	96	96	96	255	76	76	76	255	48	48	48	255	38	38	38	255
Burning Furnace
62	96	96	96	255	76	76	76	255	48	48	48	255	38	38	38	255
Sign Post
63	111	91	54	255	88	72	43	255	55	45	27	255	44	36	21	255
Wooden Door
64	136	109	67	255	108	87	53	255	68	54	33	255	54	43	26	255
Ladder
65	181	140	64	32	144	112	51	32	90	70	32	32	72	56	25	32
Minecart Tracks
66	150	134	102	180	120	107	81	180	75	67	51	180	60	53	40	180
Cobblestone Stairs
67	115	115	115	255	92	92	92	255	57	57	57	255	46	46	46	255
Wall Sign
68	111	91	54	255	88	72	43	255	55	45	27	255	44	36	21	255
Lever
69	111	91	54	255	88	72	43	255	55	45	27	255	44	36	21	255
Stone Pressure Plate
70	120	120	120	255	96	96	96	255	60	60	60	255	48	48	48	255
Iron Door
71	191	191	191	255	152	152	152	255	95	95	95	255	76	76	76	255
Wooden Pressure Plate
72	111	91	54	255	88	72	43	255	55	45	27	255	44	36	21	255
Redstone Ore
73	131	107	107	255	104	85	85	255	65	53	53	255	52	42	42	255
Glowing Redstone Ore
74	131	107	107	255	104	85	85	255	65	53	53	255	52	42	42	255
Redstone Torch off
75	159	127	80	255	72	56	25	0	181	140	64	255	144	112	51	0
Redstone Torch on
76	159	127	80	255	102	0	0	0	255	0	0	255	204	0	0	0
Stone Button
77	120	120	120	255	96	96	96	255	60	60	60	255	48	48	48	255
Snow
78	255	255	255	255	204	204	204	255	127	127	127	255	102	102	102	255
Ice
79	83	113	163	51	66	90	130	51	41	56	81	51	33	45	65	51
Snow Block
80	250	250	250	255	200	200	200	255	125	125	125	255	100	100	100	255
Cactus
81	25	120	25	255	20	96	20	255	12	60	12	255	10	48	10	255
Clay
82	151	157	169	255	120	125	135	255	75	78	84	255	60	62	67	255
Sugar Cane
83	193	234	150	255	154	187	120	255	96	117	75	255	77	93	60	255
Jukebox
84	125	91	38	255	100	72	30	255	62	45	19	255	50	36	15	255
Fence
85	127	98	49	96	95	72	33	96	48	34	9	96	32	21	21	96
Pumpkin
86	255	115	0	200	204	92	0	200	126	57	0	200	102	46	0	200
Netherrack
87	166	89	89	255	141	80	62	255	135	15	15	255	96	6	6	255
Soulsand
88	133	109	94	255	121	97	82	255	90	70	57	255	79	59	46	255
Glowstone
89	249	212	156	255	255	188	94	255	192	143	70	255	122	91	44	255
Portal
90	140	0	196	128	120	0	196	128	140	0	196	128	120	0	196	128
Jack-o-lantern
91	255	115	0	255	204	92	0	255	126	57	0	255	102	46	0	255
Cake Block
92	234	234	234	255	210	210	210	255	203	203	203	255	190	190	190	255
Redstone Repeater off
93	159	127	80	255	72	56	25	0	181	140	64	255	144	112	51	0
Redstone Repeater on
94	159	127	80	255	102	0	0	0	255	0	0	255	204	0	0	0
Locked Chest
95	125	91	38	255	100	72	30	255	62	45	19	255	50	36	15	255
Trap Door
96	111	91	54	255	88	72	43	255	55	45	27	255	44	36	21	255
Stone - Sliverfish
97	120	120	120	255	96	96	96	255	60	60	60	255	48	48	48	255
Stone Brick
98	120	120	120	255	96	96	96	255	60	60	60	255	48	48	48	255
Huge Brown Mushroom
99	204	153	120	255	145	109	85	255	114	86	67	255	73	64	58	255
Huge Red Mushroom
100	255	43	43	255	196	29	38	255	186	105	109	255	124	64	64	255
Iron Bars
101	191	191	191	96	152	152	152	96	95	95	95	96	76	76	76	96
Glass Pane
102	255	255	255	64	204	204	204	64	127	127	127	64	102	102	102	64
Melon
103	193	193	65	255	174	174	47	255	97	97	5	255	76	76	20	255
Pumpkin Stem
104	146	192	0	255	116	153	0	255	73	96	0	255	58	76	0	255
Melon Stem
105	146	192	0	255	116	153	0	255	73	96	0	255	58	76	0	255
Vines
106	60	192	41	100	48	153	32	100	30	96	20	100	24	76	16	100
Fence Gate
107	127	98	49	96	95	72	33	96	48	34	9	96	32	21	21	96
Brick Stairs
108	170	86	62	255	136	68	49	255	85	43	31	255	68	34	24	255
Stone Stairs
109	120	120	120	255	96	96	96	255	60	60	60	255	48	48	48	255
Mycelium
110 110  98 104 255 88  78  83  255 55  49  52  255 44  39  42  255 
Lilly pad
111 117	176	73	255	93	140	58	255	58	88	36	255	46	70	29	255
Nether brick
112 166	89	89	255	141	80	62	255	135	15	15	255	96	6	6	255
Nether brick fence
113 166	89	89	96	141	80	62	96	135	15	15	96	96	6	6	96
Nether brick stairs
114 166	89	89	255	141	80	62	255	135	15	15	255	96	6	6	255
Nether Wart
115 142 19  21  96  113 15  17  96  71  10  10  96  57  7   8   96
Enchantment table
116 88  23  22  255 29  10  16 255  17   7  10  255 15  5   8   255
Brewing stand
117 114 114 114 96  91  91  91  96  67  67  67  96  46  46  46  96
Cauldron
118 74  74  74  255 59  59  59 255  37  37  37  255 30  30  30  255
Air portal
119 26	11	43	255	20	8	34	255	13	5	21	255	10	4	17	255
Air portal frame
120 113 133 104 255 90 106  83 255  56  66  52  255 45  54  42  255
White stone
121 224 226 169 255 179 180 135 255 112 113 85  255 90  90  66  255
Dragon Egg
122	26	11	43	255	20	8	34	255	13	5	21	255	10	4	17	255
Biome Mapping
[RAINFOREST]	49	67	21	255	39	54	17	255	25	34	11	255	20	27	8	255
[SWAMPLAND]	64	128	0	255	51	102	0	255	32	64	0	255	26	51	0	255
[SEASONAL_FOREST]	51	165	42	255	41	132	34	255	26	83	21	255	20	66	17	255
[FOREST]	0	128	64	255	0	102	51	255	0	64	32	255	0	51	26	255
[SAVANNA]	58	58	58	255	46	46	46	255	29	29	29	255	23	23	23	255
[SHRUBLAND]	170	158	24	255	136	126	19	255	85	79	12	255	68	63	10	255
[TAIGA]	204	255	102	255	163	204	82	255	102	128	51	255	82	102	41	255
[DESERT]	255	255	102	255	204	204	82	255	128	128	51	255	102	102	41	255
[PLAINS]	255	204	102	255	204	163	82	255	128	102	51	255	102	82	41	255
[ICE_DESERT]	26	33	103	255	21	26	82	255	13	17	52	255	10	13	41	255
[TUNDRA]	222	222	222	255	178	178	178	255	111	111	111	255	89	89	89	255
[HELL]	255	0	0	255	204	0	0	255	128	0	0	255	102	0	0	255
[SKY]	102	204	255	255	82	163	204	255	51	102	128	255	41	82	102	255
[OCEAN]	0	0	255	255	0	0	204	255	0	0	128	255	0	0	102	255
[RIVER]	0	128	255	255	0	102	204	255	0	64	128	255	0	51	102	255
[EXTREME_HILLS]	128	64	0	255	102	51	0	255	64	32	0	255	51	26	0	255
[FROZEN_OCEAN]	102	255	204	255	82	204	163	255	51	128	102	255	41	102	82	255
[FROZEN_RIVER]	102	102	255	255	82	82	204	255	51	51	128	255	41	41	102	255
[ICE_PLAINS]	102	255	255	255	82	204	204	255	51	128	128	255	41	102	102	255
[ICE_MOUNTAINS]	255	255	255	255	204	204	204	255	128	128	128	255	102	102	102	255
[MUSHROOM_ISLAND]	255	111	207	255	204	89	166	255	128	56	104	255	102	44	83	255
[MUSHROOM_SHORE]	255	0	128	255	204	0	102	255	128	0	64	255	102	0	51	255
[BEACH]	255	206	75	255	230	185	68	255	255	206	75	255	179	144	53	255
[DESERT_HILLS]	255	146	51	255	230	131	46	255	255	146	51	255	179	102	36	255
[FOREST_HILLS]	0	162	100	255	0	146	90	255	0	162	100	255	0	113	70	255
[TAIGA_HILLS]	178	212	117	255	160	191	105	255	178	212	117	255	125	148	82	255
[SMALL_MOUNTAINS]	184	103	33	255	166	93	30	255	184	103	33	255	129	72	23	255
Rainfall/Temperature Mapping
[RAINFALL-0.0]	120	120	120	255	96	96	96	255	60	60	60	255	48	48	48	255
[RAINFALL-1.0]	38	92	255	255	30	73	204	255	19	46	127	255	15	36	102	255
[TEMPERATURE-0.0]	38	92	255	255	30	73	204	255	19	46	127	255	15	36	102	255
[TEMPERATURE-0.5]	91	121	185	255	73	96	147	255	46	61	92	255	36	48	73	255
[TEMPERATURE-0.8]	51	165	42	255	41	131	33	255	26	82	21	255	20	65	17	255
[TEMPERATURE-0.9]	170	158	24	255	135	126	19	255	85	79	12	255	67	62	10	255
[TEMPERATURE-0.95]	204	111	48	255	162	89	38	255	102	56	24	255	81	44	19	255
[TEMPERATURE-1.0]	143	39	36	255	114	31	28	255	71	20	18	255	57	16	14	255
