1 125 125 125 255 100 100 100 255 62 62 62 255 50 50 50 255
2 69 110 51 255 55 88 40 255 34 55 25 255 27 44 20 255
3 134 96 67 255 107 76 53 255 67 48 33 255 53 38 26 255
3:2 90 63 28 255 72 50 22 255 45 31 14 255 36 25 11 255
4 122 122 122 255 97 97 97 255 61 61 61 255 48 48 48 255
5 156 127 78 255 124 101 62 255 78 63 39 255 62 50 31 255
5:1 103 77 46 255 82 61 36 255 51 38 23 255 41 30 18 255
5:2 195 179 123 255 156 143 98 255 97 89 61 255 78 71 49 255
5:3 154 110 77 255 123 88 61 255 77 55 38 255 61 44 30 255
5:4 169 91 51 255 135 72 40 255 84 45 25 255 67 36 20 255
5:5 61 39 18 255 48 31 14 255 30 19 9 255 24 15 7 255
6 71 102 37 107 56 81 29 107 35 51 18 107 28 40 14 107
6:1 51 58 33 83 40 46 26 83 25 29 16 83 20 23 13 83
6:2 118 150 84 107 94 120 67 107 59 75 42 107 47 60 33 107
6:3 48 86 18 85 38 68 14 85 24 43 9 85 19 34 7 85
6:4 114 115 20 75 91 92 16 75 57 57 10 75 45 46 8 75
6:5 56 86 28 100 44 68 22 100 28 43 14 100 22 34 11 100
6:9 51 58 33 83 40 46 26 83 25 29 16 83 20 23 13 83
6:10 118 150 84 107 94 120 67 107 59 75 42 107 47 60 33 107
6:11 48 86 18 85 38 68 14 85 24 43 9 85 19 34 7 85
6:12 114 115 20 75 91 92 16 75 57 57 10 75 45 46 8 75
6:13 56 86 28 100 44 68 22 100 28 43 14 100 22 34 11 100
7 83 83 83 255 66 66 66 255 41 41 41 255 33 33 33 255
8 49 72 244 175 39 57 195 175 24 36 122 175 19 28 97 175
9 47 67 244 179 37 53 195 179 23 33 122 179 18 26 97 179
9:1 49 72 244 175 39 57 195 175 24 36 122 175 19 28 97 175
9:2 49 72 244 175 39 57 195 175 24 36 122 175 19 28 97 175
9:3 49 72 244 175 39 57 195 175 24 36 122 175 19 28 97 175
9:4 49 72 244 175 39 57 195 175 24 36 122 175 19 28 97 175
9:5 49 72 244 175 39 57 195 175 24 36 122 175 19 28 97 175
9:6 49 72 244 175 39 57 195 175 24 36 122 175 19 28 97 175
9:7 49 72 244 175 39 57 195 175 24 36 122 175 19 28 97 175
10 207 91 20 255 165 72 16 255 103 45 10 255 82 36 8 255
11 216 104 26 255 172 83 20 255 108 52 13 255 86 41 10 255
12 219 211 160 255 175 168 128 255 109 105 80 255 87 84 64 255
12:1 169 88 33 255 135 70 26 255 84 44 16 255 67 35 13 255
13 126 124 122 255 100 99 97 255 63 62 61 255 50 49 48 255
14 143 139 124 255 114 111 99 255 71 69 62 255 57 55 49 255
15 135 130 126 255 108 104 100 255 67 65 63 255 54 52 50 255
16 115 115 115 255 92 92 92 255 57 57 57 255 46 46 46 255
17 154 125 77 255 123 100 61 255 77 62 38 255 61 50 30 255
17:1 104 81 48 255 83 64 38 255 52 40 24 255 41 32 19 255
17:2 184 166 121 255 147 132 96 255 92 83 60 255 73 66 48 255
17:3 153 118 73 255 122 94 58 255 76 59 36 255 61 47 29 255
17:4 102 81 49 255 81 64 39 255 51 40 24 255 40 32 19 255
17:5 45 28 12 255 36 22 9 255 22 14 6 255 18 11 4 255
17:6 206 206 201 255 164 164 160 255 103 103 100 255 82 82 80 255
17:7 87 67 26 255 69 53 20 255 43 33 13 255 34 26 10 255
17:8 102 81 49 255 81 64 39 255 51 40 24 255 40 32 19 255
17:9 45 28 12 255 36 22 9 255 22 14 6 255 18 11 4 255
17:10 206 206 201 255 164 164 160 255 103 103 100 255 82 82 80 255
17:11 87 67 26 255 69 53 20 255 43 33 13 255 34 26 10 255
17:12 102 81 49 255 81 64 39 255 51 40 24 255 40 32 19 255
17:13 45 28 12 255 36 22 9 255 22 14 6 255 18 11 4 255
17:14 206 206 201 255 164 164 160 255 103 103 100 255 82 82 80 255
17:15 87 67 26 255 69 53 20 255 43 33 13 255 34 26 10 255
18 47 92 25 154 37 73 20 154 23 46 12 154 18 36 10 154
18:1 44 69 44 0 35 55 35 0 22 34 22 0 17 27 17 0
18:2 67 88 45 0 53 70 36 0 33 44 22 0 26 35 18 0
18:3 50 96 25 201 40 76 20 201 25 48 12 201 20 38 10 201
18:5 44 69 44 0 35 55 35 0 22 34 22 0 17 27 17 0
18:6 67 88 45 0 53 70 36 0 33 44 22 0 26 35 18 0
18:7 50 96 25 201 40 76 20 201 25 48 12 201 20 38 10 201
18:9 44 69 44 0 35 55 35 0 22 34 22 0 17 27 17 0
18:10 67 88 45 0 53 70 36 0 33 44 22 0 26 35 18 0
18:11 50 96 25 201 40 76 20 201 25 48 12 201 20 38 10 201
18:13 44 69 44 0 35 55 35 0 22 34 22 0 17 27 17 0
18:14 67 88 45 0 53 70 36 0 33 44 22 0 26 35 18 0
18:15 50 96 25 201 40 76 20 201 25 48 12 201 20 38 10 201
19 182 182 57 255 145 145 45 255 91 91 28 255 72 72 22 255
20 218 240 244 70 174 192 195 70 109 120 122 70 87 96 97 70
21 102 112 134 255 81 89 107 255 51 56 67 255 40 44 53 255
22 38 67 137 255 30 53 109 255 19 33 68 255 15 26 54 255
23 96 96 96 255 76 76 76 255 48 48 48 255 38 38 38 255
23:1 86 86 86 255 68 68 68 255 43 43 43 255 34 34 34 255
23:9 86 86 86 255 68 68 68 255 43 43 43 255 34 34 34 255
24 218 210 158 255 174 168 126 255 109 105 79 255 87 84 63 255
25 100 67 50 255 80 53 40 255 50 33 25 255 40 26 20 255
26 142 22 22 255 113 17 17 255 71 11 11 255 56 8 8 255
26:8 175 116 116 255 140 92 92 255 87 58 58 255 70 46 46 255
26:9 175 116 116 255 140 92 92 255 87 58 58 255 70 46 46 255
26:10 175 116 116 255 140 92 92 255 87 58 58 255 70 46 46 255
26:11 175 116 116 255 140 92 92 255 87 58 58 255 70 46 46 255
27 132 108 72 171 105 86 57 171 66 54 36 171 52 43 28 171
27:8 154 104 70 171 123 83 56 171 77 52 35 171 61 41 28 171
27:9 154 104 70 171 123 83 56 171 77 52 35 171 61 41 28 171
27:10 154 104 70 171 123 83 56 171 77 52 35 171 61 41 28 171
27:11 154 104 70 171 123 83 56 171 77 52 35 171 61 41 28 171
27:12 154 104 70 171 123 83 56 171 77 52 35 171 61 41 28 171
27:13 154 104 70 171 123 83 56 171 77 52 35 171 61 41 28 171
28 120 101 89 155 96 80 71 155 60 50 44 155 48 40 35 155
29 96 96 96 255 76 76 76 255 48 48 48 255 38 38 38 255
29:1 141 146 99 255 112 116 79 255 70 73 49 255 56 58 39 255
29:2 106 102 95 255 84 81 76 255 53 51 47 255 42 40 38 255
29:3 106 102 95 255 84 81 76 255 53 51 47 255 42 40 38 255
29:4 106 102 95 255 84 81 76 255 53 51 47 255 42 40 38 255
29:5 106 102 95 255 84 81 76 255 53 51 47 255 42 40 38 255
29:10 97 96 94 207 77 76 75 207 48 48 47 207 38 38 37 207
29:11 97 96 94 207 77 76 75 207 48 48 47 207 38 38 37 207
29:12 97 96 94 207 77 76 75 207 48 48 47 207 38 38 37 207
29:13 97 96 94 207 77 76 75 207 48 48 47 207 38 38 37 207
30 220 220 220 104 176 176 176 104 110 110 110 104 88 88 88 104
31 123 79 25 81 98 63 20 81 61 39 12 81 49 31 10 81
31:1 55 87 40 162 44 69 32 162 27 43 20 162 22 34 16 162
31:2 56 90 42 78 44 72 33 78 28 45 21 78 22 36 16 78
32 123 79 25 81 98 63 20 81 61 39 12 81 49 31 10 81
33 96 96 96 255 76 76 76 255 48 48 48 255 38 38 38 255
33:1 153 129 89 255 122 103 71 255 76 64 44 255 61 51 35 255
33:2 106 102 95 255 84 81 76 255 53 51 47 255 42 40 38 255
33:3 106 102 95 255 84 81 76 255 53 51 47 255 42 40 38 255
33:4 106 102 95 255 84 81 76 255 53 51 47 255 42 40 38 255
33:5 106 102 95 255 84 81 76 255 53 51 47 255 42 40 38 255
33:10 97 96 94 207 77 76 75 207 48 48 47 207 38 38 37 207
33:11 97 96 94 207 77 76 75 207 48 48 47 207 38 38 37 207
33:12 97 96 94 207 77 76 75 207 48 48 47 207 38 38 37 207
33:13 97 96 94 207 77 76 75 207 48 48 47 207 38 38 37 207
34 96 96 96 255 76 76 76 255 48 48 48 255 38 38 38 255
34:1 153 129 89 255 122 103 71 255 76 64 44 255 61 51 35 255
34:2 147 129 101 111 117 103 80 111 73 64 50 111 58 51 40 111
34:3 147 129 101 111 117 103 80 111 73 64 50 111 58 51 40 111
34:4 147 129 101 111 117 103 80 111 73 64 50 111 58 51 40 111
34:5 147 129 101 111 117 103 80 111 73 64 50 111 58 51 40 111
34:9 141 146 99 255 112 116 79 255 70 73 49 255 56 58 39 255
34:10 147 129 101 111 117 103 80 111 73 64 50 111 58 51 40 111
34:11 147 129 101 111 117 103 80 111 73 64 50 111 58 51 40 111
34:12 147 129 101 111 117 103 80 111 73 64 50 111 58 51 40 111
34:13 147 129 101 111 117 103 80 111 73 64 50 111 58 51 40 111
35 221 221 221 255 176 176 176 255 110 110 110 255 88 88 88 255
35:1 219 125 62 255 175 100 49 255 109 62 31 255 87 50 24 255
35:2 179 80 188 255 143 64 150 255 89 40 94 255 71 32 75 255
35:3 106 138 201 255 84 110 160 255 53 69 100 255 42 55 80 255
35:4 177 166 39 255 141 132 31 255 88 83 19 255 70 66 15 255
35:5 65 174 56 255 52 139 44 255 32 87 28 255 26 69 22 255
35:6 208 132 153 255 166 105 122 255 104 66 76 255 83 52 61 255
35:7 64 64 64 255 51 51 51 255 32 32 32 255 25 25 25 255
35:8 154 161 161 255 123 128 128 255 77 80 80 255 61 64 64 255
35:9 46 110 137 255 36 88 109 255 23 55 68 255 18 44 54 255
35:10 126 61 181 255 100 48 144 255 63 30 90 255 50 24 72 255
35:11 46 56 141 255 36 44 112 255 23 28 70 255 18 22 56 255
35:12 79 50 31 255 63 40 24 255 39 25 15 255 31 20 12 255
35:13 53 70 27 255 42 56 21 255 26 35 13 255 21 28 10 255
35:14 150 52 48 255 120 41 38 255 75 26 24 255 60 20 19 255
35:15 25 22 22 255 20 17 17 255 12 11 11 255 10 8 8 255
37 108 162 0 30 86 129 0 30 54 81 0 30 43 64 0 30
38 100 57 4 34 80 45 3 34 50 28 2 34 40 22 1 34
38:1 37 152 138 45 29 121 110 45 18 76 69 45 14 60 55 45
38:2 177 141 211 38 141 112 168 38 88 70 105 38 70 56 84 38
38:3 162 191 138 42 129 152 110 42 81 95 69 42 64 76 55 42
38:4 103 135 38 48 82 108 30 48 51 67 19 48 41 54 15 48
38:5 95 134 32 49 76 107 25 49 47 67 16 49 38 53 12 49
38:6 94 153 65 48 75 122 52 48 47 76 32 48 37 61 26 48
38:7 101 150 73 47 80 120 58 47 50 75 36 47 40 60 29 47
38:8 176 197 139 43 140 157 111 43 88 98 69 43 70 78 55 43
39 138 105 83 25 110 84 66 25 69 52 41 25 55 42 33 25
40 195 53 56 33 156 42 44 33 97 26 28 33 78 21 22 33
41 249 236 78 255 199 188 62 255 124 118 39 255 99 94 31 255
42 219 219 219 255 175 175 175 255 109 109 109 255 87 87 87 255
43 159 159 159 255 127 127 127 255 79 79 79 255 63 63 63 255
43:1 218 210 158 255 174 168 126 255 109 105 79 255 87 84 63 255
43:2 156 127 78 255 124 101 62 255 78 63 39 255 62 50 31 255
43:3 122 122 122 255 97 97 97 255 61 61 61 255 48 48 48 255
43:4 146 99 86 255 116 79 68 255 73 49 43 255 58 39 34 255
43:5 122 122 122 255 97 97 97 255 61 61 61 255 48 48 48 255
43:6 44 22 26 255 35 17 20 255 22 11 13 255 17 8 10 255
43:7 236 233 226 255 188 186 180 255 118 116 113 255 94 93 90 255
43:9 218 210 158 255 174 168 126 255 109 105 79 255 87 84 63 255
43:10 156 127 78 255 124 101 62 255 78 63 39 255 62 50 31 255
43:11 122 122 122 255 97 97 97 255 61 61 61 255 48 48 48 255
43:12 146 99 86 255 116 79 68 255 73 49 43 255 58 39 34 255
43:13 122 122 122 255 97 97 97 255 61 61 61 255 48 48 48 255
43:14 44 22 26 255 35 17 20 255 22 11 13 255 17 8 10 255
43:15 236 233 226 255 188 186 180 255 118 116 113 255 94 93 90 255
44 159 159 159 255 127 127 127 255 79 79 79 255 63 63 63 255
44:1 218 210 158 255 174 168 126 255 109 105 79 255 87 84 63 255
44:2 156 127 78 255 124 101 62 255 78 63 39 255 62 50 31 255
44:3 122 122 122 255 97 97 97 255 61 61 61 255 48 48 48 255
44:4 146 99 86 255 116 79 68 255 73 49 43 255 58 39 34 255
44:5 122 122 122 255 97 97 97 255 61 61 61 255 48 48 48 255
44:6 44 22 26 255 35 17 20 255 22 11 13 255 17 8 10 255
44:7 236 233 226 255 188 186 180 255 118 116 113 255 94 93 90 255
44:9 218 210 158 255 174 168 126 255 109 105 79 255 87 84 63 255
44:10 156 127 78 255 124 101 62 255 78 63 39 255 62 50 31 255
44:11 122 122 122 255 97 97 97 255 61 61 61 255 48 48 48 255
44:12 146 99 86 255 116 79 68 255 73 49 43 255 58 39 34 255
44:13 122 122 122 255 97 97 97 255 61 61 61 255 48 48 48 255
44:14 44 22 26 255 35 17 20 255 22 11 13 255 17 8 10 255
44:15 236 233 226 255 188 186 180 255 118 116 113 255 94 93 90 255
45 146 99 86 255 116 79 68 255 73 49 43 255 58 39 34 255
46 130 65 47 255 104 52 37 255 65 32 23 255 52 26 18 255
47 156 127 78 255 124 101 62 255 78 63 39 255 62 50 31 255
48 103 121 103 255 82 96 82 255 51 60 51 255 41 48 41 255
49 20 18 29 255 16 14 23 255 10 9 14 255 8 7 11 255
50 130 106 58 19 104 84 46 19 65 53 29 19 52 42 23 19
51 216 151 54 156 172 120 43 156 108 75 27 156 86 60 21 156
52 26 39 49 155 20 31 39 155 13 19 24 155 10 15 19 155
53 156 127 78 255 124 101 62 255 78 63 39 255 62 50 31 255
54 127 92 38 197 101 73 30 197 63 46 19 197 50 36 15 197
54:4 135 97 37 210 108 77 29 210 67 48 18 210 54 38 14 210
54:5 135 97 37 210 108 77 29 210 67 48 18 210 54 38 14 210
54:6 135 97 37 210 108 77 29 210 67 48 18 210 54 38 14 210
54:7 135 97 37 210 108 77 29 210 67 48 18 210 54 38 14 210
54:8 134 96 36 210 107 76 28 210 67 48 18 210 53 38 14 210
54:9 134 96 36 210 107 76 28 210 67 48 18 210 53 38 14 210
54:10 134 96 36 210 107 76 28 210 67 48 18 210 53 38 14 210
54:11 134 96 36 210 107 76 28 210 67 48 18 210 53 38 14 210
55 233 233 233 19 186 186 186 19 116 116 116 19 93 93 93 19
56 129 140 143 255 103 112 114 255 64 70 71 255 51 56 57 255
57 97 219 213 255 77 175 170 255 48 109 106 255 38 87 85 255
58 107 71 42 255 85 56 33 255 53 35 21 255 42 28 16 255
59 0 179 18 5 0 143 14 5 0 89 9 5 0 71 7 5
59:1 18 172 15 19 14 137 12 19 9 86 7 19 7 68 6 19
59:2 28 137 11 43 22 109 8 43 14 68 5 43 11 54 4 43
59:3 37 139 8 77 29 111 6 77 18 69 4 77 14 55 3 77
59:4 46 128 7 103 36 102 5 103 23 64 3 103 18 51 2 103
59:5 66 123 7 128 52 98 5 128 33 61 3 128 26 49 2 128
59:6 80 118 7 142 64 94 5 142 40 59 3 142 32 47 2 142
59:7 86 102 7 166 68 81 5 166 43 51 3 166 34 40 2 166
59:8 86 102 7 166 68 81 5 166 43 51 3 166 34 40 2 166
59:9 86 102 7 166 68 81 5 166 43 51 3 166 34 40 2 166
59:10 86 102 7 166 68 81 5 166 43 51 3 166 34 40 2 166
59:11 86 102 7 166 68 81 5 166 43 51 3 166 34 40 2 166
59:12 86 102 7 166 68 81 5 166 43 51 3 166 34 40 2 166
59:13 86 102 7 166 68 81 5 166 43 51 3 166 34 40 2 166
59:14 86 102 7 166 68 81 5 166 43 51 3 166 34 40 2 166
59:15 86 102 7 166 68 81 5 166 43 51 3 166 34 40 2 166
60 115 75 45 255 92 60 36 255 57 37 22 255 46 30 18 255
60:1 75 40 13 255 60 32 10 255 37 20 6 255 30 16 5 255
60:2 75 40 13 255 60 32 10 255 37 20 6 255 30 16 5 255
60:3 75 40 13 255 60 32 10 255 37 20 6 255 30 16 5 255
60:4 75 40 13 255 60 32 10 255 37 20 6 255 30 16 5 255
60:5 75 40 13 255 60 32 10 255 37 20 6 255 30 16 5 255
60:6 75 40 13 255 60 32 10 255 37 20 6 255 30 16 5 255
60:7 75 40 13 255 60 32 10 255 37 20 6 255 30 16 5 255
60:8 75 40 13 255 60 32 10 255 37 20 6 255 30 16 5 255
60:9 75 40 13 255 60 32 10 255 37 20 6 255 30 16 5 255
60:10 75 40 13 255 60 32 10 255 37 20 6 255 30 16 5 255
60:11 75 40 13 255 60 32 10 255 37 20 6 255 30 16 5 255
60:12 75 40 13 255 60 32 10 255 37 20 6 255 30 16 5 255
60:13 75 40 13 255 60 32 10 255 37 20 6 255 30 16 5 255
60:14 75 40 13 255 60 32 10 255 37 20 6 255 30 16 5 255
60:15 75 40 13 255 60 32 10 255 37 20 6 255 30 16 5 255
61:2 96 96 96 255 76 76 76 255 48 48 48 255 38 38 38 255
61:3 96 96 96 255 76 76 76 255 48 48 48 255 38 38 38 255
61:4 96 96 96 255 76 76 76 255 48 48 48 255 38 38 38 255
61:5 96 96 96 255 76 76 76 255 48 48 48 255 38 38 38 255
62:2 96 96 96 255 76 76 76 255 48 48 48 255 38 38 38 255
62:3 96 96 96 255 76 76 76 255 48 48 48 255 38 38 38 255
62:4 96 96 96 255 76 76 76 255 48 48 48 255 38 38 38 255
62:5 96 96 96 255 76 76 76 255 48 48 48 255 38 38 38 255
63 160 130 80 10 128 104 64 10 80 65 40 10 64 52 32 10
64 134 101 50 255 107 80 40 255 67 50 25 255 53 40 20 255
64:8 134 103 51 207 107 82 40 207 67 51 25 207 53 41 20 207
64:9 134 103 51 207 107 82 40 207 67 51 25 207 53 41 20 207
64:10 134 103 51 207 107 82 40 207 67 51 25 207 53 41 20 207
64:11 134 103 51 207 107 82 40 207 67 51 25 207 53 41 20 207
64:12 134 103 51 207 107 82 40 207 67 51 25 207 53 41 20 207
64:13 134 103 51 207 107 82 40 207 67 51 25 207 53 41 20 207
64:14 134 103 51 207 107 82 40 207 67 51 25 207 53 41 20 207
64:15 134 103 51 207 107 82 40 207 67 51 25 207 53 41 20 207
65 121 95 52 143 96 76 41 143 60 47 26 143 48 38 20 143
66 121 108 88 143 96 86 70 143 60 54 44 143 48 43 35 143
66:6 120 107 86 107 96 85 68 107 60 53 43 107 48 42 34 107
66:7 120 107 86 107 96 85 68 107 60 53 43 107 48 42 34 107
66:8 120 107 86 107 96 85 68 107 60 53 43 107 48 42 34 107
66:9 120 107 86 107 96 85 68 107 60 53 43 107 48 42 34 107
67 122 122 122 255 97 97 97 255 61 61 61 255 48 48 48 255
68 160 130 80 10 128 104 64 10 80 65 40 10 64 52 32 10
69 122 122 122 255 97 97 97 255 61 61 61 255 48 48 48 255
70 125 125 125 255 100 100 100 255 62 62 62 255 50 50 50 255
71 163 163 163 255 130 130 130 255 81 81 81 255 65 65 65 255
71:8 186 186 186 207 148 148 148 207 93 93 93 207 74 74 74 207
71:9 186 186 186 207 148 148 148 207 93 93 93 207 74 74 74 207
71:10 186 186 186 207 148 148 148 207 93 93 93 207 74 74 74 207
71:11 186 186 186 207 148 148 148 207 93 93 93 207 74 74 74 207
71:12 186 186 186 207 148 148 148 207 93 93 93 207 74 74 74 207
71:13 186 186 186 207 148 148 148 207 93 93 93 207 74 74 74 207
71:14 186 186 186 207 148 148 148 207 93 93 93 207 74 74 74 207
71:15 186 186 186 207 148 148 148 207 93 93 93 207 74 74 74 207
72 156 127 78 255 124 101 62 255 78 63 39 255 62 50 31 255
73 132 107 107 255 105 85 85 255 66 53 53 255 52 42 42 255
74 132 107 107 255 105 85 85 255 66 53 53 255 52 42 42 255
75:1 93 62 38 19 74 49 30 19 46 31 19 19 37 24 15 19
75:2 93 62 38 19 74 49 30 19 46 31 19 19 37 24 15 19
75:3 93 62 38 19 74 49 30 19 46 31 19 19 37 24 15 19
75:4 93 62 38 19 74 49 30 19 46 31 19 19 37 24 15 19
75:5 93 62 38 19 74 49 30 19 46 31 19 19 37 24 15 19
76:1 167 75 41 25 133 60 32 25 83 37 20 25 66 30 16 25
76:2 167 75 41 25 133 60 32 25 83 37 20 25 66 30 16 25
76:3 167 75 41 25 133 60 32 25 83 37 20 25 66 30 16 25
76:4 167 75 41 25 133 60 32 25 83 37 20 25 66 30 16 25
76:5 167 75 41 25 133 60 32 25 83 37 20 25 66 30 16 25
77 125 125 125 255 100 100 100 255 62 62 62 255 50 50 50 255
78 239 251 251 255 191 200 200 255 119 125 125 255 95 100 100 255
79 125 173 255 159 100 138 204 159 62 86 127 159 50 69 102 159
80 239 251 251 255 191 200 200 255 119 125 125 255 95 100 100 255
81 13 99 24 195 10 79 19 195 6 49 12 195 5 39 9 195
82 158 164 176 255 126 131 140 255 79 82 88 255 63 65 70 255
83 148 192 101 140 118 153 80 140 74 96 50 140 59 76 40 140
84 107 73 55 255 85 58 44 255 53 36 27 255 42 29 22 255
85 156 127 78 255 124 101 62 255 78 63 39 255 62 50 31 255
86 192 118 21 255 153 94 16 255 96 59 10 255 76 47 8 255
87 111 54 52 255 88 43 41 255 55 27 26 255 44 21 20 255
88 84 64 51 255 67 51 40 255 42 32 25 255 33 25 20 255
89 143 118 69 255 114 94 55 255 71 59 34 255 57 47 27 255
90 91 13 193 192 72 10 154 192 45 6 96 192 36 5 77 192
91 192 118 21 255 153 94 16 255 96 59 10 255 76 47 8 255
92 228 205 206 195 182 164 164 195 114 102 103 195 91 82 82 195
93 151 147 147 255 120 117 117 255 75 73 73 255 60 58 58 255
94 160 147 147 255 128 117 117 255 80 73 73 255 64 58 58 255
95 255 255 255 123 204 204 204 123 127 127 127 123 102 102 102 123
95:1 216 127 51 123 172 101 40 123 108 63 25 123 86 50 20 123
95:2 178 76 216 123 142 60 172 123 89 38 108 123 71 30 86 123
95:3 102 153 216 123 81 122 172 123 51 76 108 123 40 61 86 123
95:4 229 229 51 123 183 183 40 123 114 114 25 123 91 91 20 123
95:5 127 204 25 123 101 163 20 123 63 102 12 123 50 81 10 123
95:6 242 127 165 123 193 101 132 123 121 63 82 123 96 50 66 123
95:7 76 76 76 123 60 60 60 123 38 38 38 123 30 30 30 123
95:8 153 153 153 123 122 122 122 123 76 76 76 123 61 61 61 123
95:9 76 127 153 123 60 101 122 123 38 63 76 123 30 50 61 123
95:10 127 63 178 123 101 50 142 123 63 31 89 123 50 25 71 123
95:11 51 76 178 123 40 60 142 123 25 38 89 123 20 30 71 123
95:12 102 76 51 123 81 60 40 123 51 38 25 123 40 30 20 123
95:13 102 127 51 123 81 101 40 123 51 63 25 123 40 50 20 123
95:14 153 51 51 123 122 40 40 123 76 25 25 123 61 20 20 123
95:15 25 25 25 123 20 20 20 123 12 12 12 123 10 10 10 123
96 126 93 45 219 100 74 36 219 63 46 22 219 50 37 18 219
97 125 125 125 255 100 100 100 255 62 62 62 255 50 50 50 255
97:1 122 122 122 255 97 97 97 255 61 61 61 255 48 48 48 255
97:2 122 122 122 255 97 97 97 255 61 61 61 255 48 48 48 255
98 122 122 122 255 97 97 97 255 61 61 61 255 48 48 48 255
98:1 114 119 106 255 91 95 84 255 57 59 53 255 45 47 42 255
98:2 118 118 118 255 94 94 94 255 59 59 59 255 47 47 47 255
98:3 118 118 118 255 94 94 94 255 59 59 59 255 47 47 47 255
99 202 171 120 255 161 136 96 255 101 85 60 255 80 68 48 255
99:1 141 106 83 255 112 84 66 255 70 53 41 255 56 42 33 255
99:2 141 106 83 255 112 84 66 255 70 53 41 255 56 42 33 255
99:3 141 106 83 255 112 84 66 255 70 53 41 255 56 42 33 255
99:4 141 106 83 255 112 84 66 255 70 53 41 255 56 42 33 255
99:5 141 106 83 255 112 84 66 255 70 53 41 255 56 42 33 255
99:6 141 106 83 255 112 84 66 255 70 53 41 255 56 42 33 255
99:7 141 106 83 255 112 84 66 255 70 53 41 255 56 42 33 255
99:8 141 106 83 255 112 84 66 255 70 53 41 255 56 42 33 255
99:9 141 106 83 255 112 84 66 255 70 53 41 255 56 42 33 255
99:14 141 106 83 255 112 84 66 255 70 53 41 255 56 42 33 255
99:15 207 204 194 255 165 163 155 255 103 102 97 255 82 81 77 255
100 202 171 120 255 161 136 96 255 101 85 60 255 80 68 48 255
100:1 182 37 36 255 145 29 28 255 91 18 18 255 72 14 14 255
100:2 182 37 36 255 145 29 28 255 91 18 18 255 72 14 14 255
100:3 182 37 36 255 145 29 28 255 91 18 18 255 72 14 14 255
100:4 182 37 36 255 145 29 28 255 91 18 18 255 72 14 14 255
100:5 182 37 36 255 145 29 28 255 91 18 18 255 72 14 14 255
100:6 182 37 36 255 145 29 28 255 91 18 18 255 72 14 14 255
100:7 182 37 36 255 145 29 28 255 91 18 18 255 72 14 14 255
100:8 182 37 36 255 145 29 28 255 91 18 18 255 72 14 14 255
100:9 182 37 36 255 145 29 28 255 91 18 18 255 72 14 14 255
100:14 182 37 36 255 145 29 28 255 91 18 18 255 72 14 14 255
100:15 207 204 194 255 165 163 155 255 103 102 97 255 82 81 77 255
101 109 108 106 115 87 86 84 115 54 54 53 115 43 43 42 115
102 218 240 244 70 174 192 195 70 109 120 122 70 87 96 97 70
103 151 153 36 255 120 122 28 255 75 76 18 255 60 61 14 255
104 72 115 54 34 57 92 43 34 36 57 27 34 28 46 21 34
105 72 115 54 34 57 92 43 34 36 57 27 34 28 46 21 34
106 38 75 20 138 30 60 16 138 19 37 10 138 15 30 8 138
107 156 127 78 255 124 101 62 255 78 63 39 255 62 50 31 255
108 146 99 86 255 116 79 68 255 73 49 43 255 58 39 34 255
109 122 122 122 255 97 97 97 255 61 61 61 255 48 48 48 255
110 111 99 105 255 88 79 84 255 55 49 52 255 44 39 42 255
111 14 59 22 0 11 47 17 0 7 29 11 0 5 23 8 0
112 44 22 26 255 35 17 20 255 22 11 13 255 17 8 10 255
113 44 22 26 255 35 17 20 255 22 11 13 255 17 8 10 255
114 44 22 26 255 35 17 20 255 22 11 13 255 17 8 10 255
115 106 14 30 42 84 11 24 42 53 7 15 42 42 5 12 42
115:1 108 15 22 120 86 12 17 120 54 7 11 120 43 6 8 120
115:2 108 15 22 120 86 12 17 120 54 7 11 120 43 6 8 120
115:3 111 18 17 204 88 14 13 204 55 9 8 204 44 7 6 204
115:4 111 18 17 204 88 14 13 204 55 9 8 204 44 7 6 204
115:5 111 18 17 204 88 14 13 204 55 9 8 204 44 7 6 204
115:6 111 18 17 204 88 14 13 204 55 9 8 204 44 7 6 204
115:7 111 18 17 204 88 14 13 204 55 9 8 204 44 7 6 204
116 103 64 59 255 82 51 47 255 51 32 29 255 41 25 23 255
117 124 103 81 118 99 82 64 118 62 51 40 118 49 41 32 118
118 69 69 69 111 55 55 55 111 34 34 34 111 27 27 27 111
119 20 18 29 255 16 14 23 255 10 9 14 255 8 7 11 255
120 89 117 96 255 71 93 76 255 44 58 48 255 35 46 38 255
120:4 40 72 67 95 32 57 53 95 20 36 33 95 16 28 26 95
120:5 40 72 67 95 32 57 53 95 20 36 33 95 16 28 26 95
120:6 40 72 67 95 32 57 53 95 20 36 33 95 16 28 26 95
120:7 40 72 67 95 32 57 53 95 20 36 33 95 16 28 26 95
121 221 223 165 255 176 178 132 255 110 111 82 255 88 89 66 255
122 12 9 15 255 9 7 12 255 6 4 7 255 4 3 6 255
123 70 43 26 255 56 34 20 255 35 21 13 255 28 17 10 255
124 119 89 55 255 95 71 44 255 59 44 27 255 47 35 22 255
125 156 127 78 255 124 101 62 255 78 63 39 255 62 50 31 255
125:1 103 77 46 255 82 61 36 255 51 38 23 255 41 30 18 255
125:2 195 179 123 255 156 143 98 255 97 89 61 255 78 71 49 255
125:3 154 110 77 255 123 88 61 255 77 55 38 255 61 44 30 255
125:4 169 91 51 255 135 72 40 255 84 45 25 255 67 36 20 255
125:5 61 39 18 255 48 31 14 255 30 19 9 255 24 15 7 255
125:9 103 77 46 255 82 61 36 255 51 38 23 255 41 30 18 255
125:10 195 179 123 255 156 143 98 255 97 89 61 255 78 71 49 255
125:11 154 110 77 255 123 88 61 255 77 55 38 255 61 44 30 255
125:12 169 91 51 255 135 72 40 255 84 45 25 255 67 36 20 255
125:13 61 39 18 255 48 31 14 255 30 19 9 255 24 15 7 255
126 156 127 78 255 124 101 62 255 78 63 39 255 62 50 31 255
126:1 103 77 46 255 82 61 36 255 51 38 23 255 41 30 18 255
126:2 195 179 123 255 156 143 98 255 97 89 61 255 78 71 49 255
126:3 154 110 77 255 123 88 61 255 77 55 38 255 61 44 30 255
126:4 169 91 51 255 135 72 40 255 84 45 25 255 67 36 20 255
126:5 61 39 18 255 48 31 14 255 30 19 9 255 24 15 7 255
126:9 103 77 46 255 82 61 36 255 51 38 23 255 41 30 18 255
126:10 195 179 123 255 156 143 98 255 97 89 61 255 78 71 49 255
126:11 154 110 77 255 123 88 61 255 77 55 38 255 61 44 30 255
126:12 169 91 51 255 135 72 40 255 84 45 25 255 67 36 20 255
126:13 61 39 18 255 48 31 14 255 30 19 9 255 24 15 7 255
127 145 80 30 131 116 64 24 131 72 40 15 131 58 32 12 131
128 216 209 157 255 172 167 125 255 108 104 78 255 86 83 62 255
129 109 128 116 255 87 102 92 255 54 64 58 255 43 51 46 255
130:2 43 60 61 197 34 48 48 197 21 30 30 197 17 24 24 197
130:3 43 60 61 197 34 48 48 197 21 30 30 197 17 24 24 197
130:4 43 60 61 197 34 48 48 197 21 30 30 197 17 24 24 197
130:5 43 60 61 197 34 48 48 197 21 30 30 197 17 24 24 197
131 122 122 122 255 97 97 97 255 61 61 61 255 48 48 48 255
133 81 217 117 255 64 173 93 255 40 108 58 255 32 86 46 255
134 103 77 46 255 82 61 36 255 51 38 23 255 41 30 18 255
135 195 179 123 255 156 143 98 255 97 89 61 255 78 71 49 255
136 154 110 77 255 123 88 61 255 77 55 38 255 61 44 30 255
137 178 137 111 255 142 109 88 255 89 68 55 255 71 54 44 255
138 218 240 244 70 174 192 195 70 109 120 122 70 87 96 97 70
139 122 122 122 255 97 97 97 255 61 61 61 255 48 48 48 255
139:1 103 121 103 255 82 96 82 255 51 60 51 255 41 48 41 255
140 118 65 51 49 94 52 40 49 59 32 25 49 47 26 20 49
141 1 171 16 9 0 136 12 9 0 85 8 9 0 68 6 9
141:2 1 187 15 23 0 149 12 23 0 93 7 23 0 74 6 23
141:3 1 187 15 23 0 149 12 23 0 93 7 23 0 74 6 23
141:4 0 190 16 54 0 152 12 54 0 95 8 54 0 76 6 54
141:5 0 190 16 54 0 152 12 54 0 95 8 54 0 76 6 54
141:6 0 190 16 54 0 152 12 54 0 95 8 54 0 76 6 54
141:7 21 128 2 111 16 102 1 111 10 64 1 111 8 51 0 111
142 1 171 16 9 0 136 12 9 0 85 8 9 0 68 6 9
142:2 1 187 15 23 0 149 12 23 0 93 7 23 0 74 6 23
142:3 1 187 15 23 0 149 12 23 0 93 7 23 0 74 6 23
142:4 0 190 16 54 0 152 12 54 0 95 8 54 0 76 6 54
142:5 0 190 16 54 0 152 12 54 0 95 8 54 0 76 6 54
142:6 0 190 16 54 0 152 12 54 0 95 8 54 0 76 6 54
142:7 34 170 36 105 27 136 28 105 17 85 18 105 13 68 14 105
143 156 127 78 255 124 101 62 255 78 63 39 255 62 50 31 255
145 64 64 64 255 51 51 51 255 32 32 32 255 25 25 25 255
146 127 92 38 197 101 73 30 197 63 46 19 197 50 36 15 197
146:4 135 97 37 210 108 77 29 210 67 48 18 210 54 38 14 210
146:5 135 97 37 210 108 77 29 210 67 48 18 210 54 38 14 210
146:6 135 97 37 210 108 77 29 210 67 48 18 210 54 38 14 210
146:7 135 97 37 210 108 77 29 210 67 48 18 210 54 38 14 210
146:8 134 96 36 210 107 76 28 210 67 48 18 210 53 38 14 210
146:9 134 96 36 210 107 76 28 210 67 48 18 210 53 38 14 210
146:10 134 96 36 210 107 76 28 210 67 48 18 210 53 38 14 210
146:11 134 96 36 210 107 76 28 210 67 48 18 210 53 38 14 210
147 249 236 78 255 199 188 62 255 124 118 39 255 99 94 31 255
148 219 219 219 255 175 175 175 255 109 109 109 255 87 87 87 255
149 156 150 149 255 124 120 119 255 78 75 74 255 62 60 59 255
150 165 149 148 255 132 119 118 255 82 74 74 255 66 59 59 255
151 130 116 94 255 104 92 75 255 65 58 47 255 52 46 37 255
152 171 27 9 255 136 21 7 255 85 13 4 255 68 10 3 255
153 125 84 79 255 100 67 63 255 62 42 39 255 50 33 31 255
154 55 55 55 255 44 44 44 255 27 27 27 255 22 22 22 255
155 236 233 226 255 188 186 180 255 118 116 113 255 94 93 90 255
155:1 231 228 219 255 184 182 175 255 115 114 109 255 92 91 87 255
155:2 232 229 221 255 185 183 176 255 116 114 110 255 92 91 88 255
155:3 231 227 219 255 184 181 175 255 115 113 109 255 92 90 87 255
155:4 231 227 219 255 184 181 175 255 115 113 109 255 92 90 87 255
156 236 233 226 255 188 186 180 255 118 116 113 255 94 93 90 255
157 104 83 71 155 83 66 56 155 52 41 35 155 41 33 28 155
157:8 141 81 70 155 112 64 56 155 70 40 35 155 56 32 28 155
157:9 141 81 70 155 112 64 56 155 70 40 35 155 56 32 28 155
157:10 141 81 70 155 112 64 56 155 70 40 35 155 56 32 28 155
157:11 141 81 70 155 112 64 56 155 70 40 35 155 56 32 28 155
157:12 141 81 70 155 112 64 56 155 70 40 35 155 56 32 28 155
157:13 141 81 70 155 112 64 56 155 70 40 35 155 56 32 28 155
158 96 96 96 255 76 76 76 255 48 48 48 255 38 38 38 255
158:1 86 86 86 255 68 68 68 255 43 43 43 255 34 34 34 255
159 209 178 161 255 167 142 128 255 104 89 80 255 83 71 64 255
159:1 161 83 37 255 128 66 29 255 80 41 18 255 64 33 14 255
159:2 149 88 108 255 119 70 86 255 74 44 54 255 59 35 43 255
159:3 113 108 137 255 90 86 109 255 56 54 68 255 45 43 54 255
159:4 186 133 35 255 148 106 28 255 93 66 17 255 74 53 14 255
159:5 103 117 52 255 82 93 41 255 51 58 26 255 41 46 20 255
159:6 161 78 78 255 128 62 62 255 80 39 39 255 64 31 31 255
159:7 57 42 35 255 45 33 28 255 28 21 17 255 22 16 14 255
159:8 135 106 97 255 108 84 77 255 67 53 48 255 54 42 38 255
159:9 86 91 91 255 68 72 72 255 43 45 45 255 34 36 36 255
159:10 118 70 86 255 94 56 68 255 59 35 43 255 47 28 34 255
159:11 74 59 91 255 59 47 72 255 37 29 45 255 29 23 36 255
159:12 77 51 35 255 61 40 28 255 38 25 17 255 30 20 14 255
159:13 76 83 42 255 60 66 33 255 38 41 21 255 30 33 16 255
159:14 143 61 46 255 114 48 36 255 71 30 23 255 57 24 18 255
159:15 37 22 16 255 29 17 12 255 18 11 8 255 14 8 6 255
160 255 255 255 123 204 204 204 123 127 127 127 123 102 102 102 123
160:1 216 127 51 123 172 101 40 123 108 63 25 123 86 50 20 123
160:2 178 76 216 123 142 60 172 123 89 38 108 123 71 30 86 123
160:3 102 153 216 123 81 122 172 123 51 76 108 123 40 61 86 123
160:4 229 229 51 123 183 183 40 123 114 114 25 123 91 91 20 123
160:5 127 204 25 123 101 163 20 123 63 102 12 123 50 81 10 123
160:6 242 127 165 123 193 101 132 123 121 63 82 123 96 50 66 123
160:7 76 76 76 123 60 60 60 123 38 38 38 123 30 30 30 123
160:8 153 153 153 123 122 122 122 123 76 76 76 123 61 61 61 123
160:9 76 127 153 123 60 101 122 123 38 63 76 123 30 50 61 123
160:10 127 63 178 123 101 50 142 123 63 31 89 123 50 25 71 123
160:11 51 76 178 123 40 60 142 123 25 38 89 123 20 30 71 123
160:12 102 76 51 123 81 60 40 123 51 38 25 123 40 30 20 123
160:13 102 127 51 123 81 101 40 123 51 63 25 123 40 50 20 123
160:14 153 51 51 123 122 40 40 123 76 25 25 123 61 20 20 123
160:15 25 25 25 123 20 20 20 123 12 12 12 123 10 10 10 123
161 47 92 25 154 37 73 20 154 23 46 12 154 18 36 10 154
162 154 91 64 255 123 72 51 255 77 45 32 255 61 36 25 255
162:1 104 81 48 255 83 64 38 255 52 40 24 255 41 32 19 255
162:4 105 99 89 255 84 79 71 255 52 49 44 255 42 39 35 255
162:5 45 28 12 255 36 22 9 255 22 14 6 255 18 11 4 255
162:8 105 99 89 255 84 79 71 255 52 49 44 255 42 39 35 255
162:9 45 28 12 255 36 22 9 255 22 14 6 255 18 11 4 255
162:12 105 99 89 255 84 79 71 255 52 49 44 255 42 39 35 255
162:13 45 28 12 255 36 22 9 255 22 14 6 255 18 11 4 255
163 169 91 51 255 135 72 40 255 84 45 25 255 67 36 20 255
164 61 39 18 255 48 31 14 255 30 19 9 255 24 15 7 255
170 168 139 16 255 134 111 12 255 84 69 8 255 67 55 6 255
171 221 221 221 255 176 176 176 255 110 110 110 255 88 88 88 255
171:1 219 125 62 255 175 100 49 255 109 62 31 255 87 50 24 255
171:2 179 80 188 255 143 64 150 255 89 40 94 255 71 32 75 255
171:3 106 138 201 255 84 110 160 255 53 69 100 255 42 55 80 255
171:4 177 166 39 255 141 132 31 255 88 83 19 255 70 66 15 255
171:5 65 174 56 255 52 139 44 255 32 87 28 255 26 69 22 255
171:6 208 132 153 255 166 105 122 255 104 66 76 255 83 52 61 255
171:7 64 64 64 255 51 51 51 255 32 32 32 255 25 25 25 255
171:8 154 161 161 255 123 128 128 255 77 80 80 255 61 64 64 255
171:9 46 110 137 255 36 88 109 255 23 55 68 255 18 44 54 255
171:10 126 61 181 255 100 48 144 255 63 30 90 255 50 24 72 255
171:11 46 56 141 255 36 44 112 255 23 28 70 255 18 22 56 255
171:12 79 50 31 255 63 40 24 255 39 25 15 255 31 20 12 255
171:13 53 70 27 255 42 56 21 255 26 35 13 255 21 28 10 255
171:14 150 52 48 255 120 41 38 255 75 26 24 255 60 20 19 255
171:15 25 22 22 255 20 17 17 255 12 11 11 255 10 8 8 255
172 150 92 66 255 120 73 52 255 75 46 33 255 60 36 26 255
173 18 18 18 255 14 14 14 255 9 9 9 255 7 7 7 255
174 165 194 245 255 132 155 196 255 82 97 122 255 66 77 98 255
175 65 109 43 51 52 87 34 51 32 54 21 51 26 43 17 51
175:1 142 148 132 86 113 118 105 86 71 74 66 86 56 59 52 86
175:2 57 91 43 138 45 72 34 138 28 45 21 138 22 36 17 138
175:3 58 92 43 158 46 73 34 158 29 46 21 158 23 36 17 158
175:4 69 64 3 185 55 51 2 185 34 32 1 185 27 25 1 185
175:5 54 88 59 147 43 70 47 147 27 44 29 147 21 35 23 147
175:8 67 111 45 26 53 88 36 26 33 55 22 26 26 44 18 26
175:9 148 148 140 83 118 118 112 83 74 74 70 83 59 59 56 83
175:10 61 97 45 92 48 77 36 92 30 48 22 92 24 38 18 92
175:11 59 94 44 122 47 75 35 122 29 47 22 122 23 37 17 122
175:12 115 61 7 107 92 48 5 107 57 30 3 107 46 24 2 107
175:13 132 133 141 129 105 106 112 129 66 66 70 129 52 53 56 129
178 106 109 112 255 84 87 89 255 53 54 56 255 42 43 44 255
179 166 85 29 255 132 68 23 255 83 42 14 255 66 34 11 255
180 165 84 29 255 132 67 23 255 82 42 14 255 66 33 11 255
181 166 85 29 255 132 68 23 255 83 42 14 255 66 34 11 255
182 166 85 29 255 132 68 23 255 83 42 14 255 66 34 11 255
183 103 77 46 255 82 61 36 255 51 38 23 255 41 30 18 255
184 195 179 123 255 156 143 98 255 97 89 61 255 78 71 49 255
185 154 110 77 255 123 88 61 255 77 55 38 255 61 44 30 255
186 61 39 18 255 48 31 14 255 30 19 9 255 24 15 7 255
187 169 91 51 255 135 72 40 255 84 45 25 255 67 36 20 255
188 103 77 46 255 82 61 36 255 51 38 23 255 41 30 18 255
189 195 179 123 255 156 143 98 255 97 89 61 255 78 71 49 255
190 154 110 77 255 123 88 61 255 77 55 38 255 61 44 30 255
191 61 39 18 255 48 31 14 255 30 19 9 255 24 15 7 255
192 169 91 51 255 135 72 40 255 84 45 25 255 67 36 20 255
193 96 74 49 255 76 59 39 255 48 37 24 255 38 29 19 255
194 217 210 179 255 173 168 143 255 108 105 89 255 86 84 71 255
195 151 113 85 207 120 90 68 207 75 56 42 207 60 45 34 207
196 161 93 58 183 128 74 46 183 80 46 29 183 64 37 23 183
197 69 47 25 255 55 37 20 255 34 23 12 255 27 18 10 255

Biome Mapping
[OCEAN]	0	0	112	255	0	0	112	255	0	0	112	255	0	0	112	255
[PLAINS]	141	179	96	255	141	179	96	255	141	179	96	255	141	179	96	255
[DESERT]	250	148	24	255	250	148	24	255	250	148	24	255	250	148	24	255
[EXTREME_HILLS]	96	96	96	255	96	96	96	255	96	96	96	255	96	96	96	255
[FOREST]	5	102	33	255	5	102	33	255	5	102	33	255	5	102	33	255
[TAIGA]	11	102	89	255	11	102	89	255	11	102	89	255	11	102	89	255
[SWAMPLAND]	7	249	178	255	7	249	178	255	7	249	178	255	7	249	178	255
[RIVER]	0	0	255	255	0	0	255	255	0	0	255	255	0	0	255	255
[HELL]	255	0	0	255	255	0	0	255	255	0	0	255	255	0	0	255
[SKY]	128	128	255	255	128	128	255	255	128	128	255	255	128	128	255	255
[FROZEN_OCEAN]	112	112	214	255	112	112	214	255	112	112	214	255	112	112	214	255
[FROZEN_RIVER]	160	160	255	255	160	160	255	255	160	160	255	255	160	160	255	255
[ICE_PLAINS]	255	255	255	255	255	255	255	255	255	255	255	255	255	255	255	255
[ICE_MOUNTAINS]	160	160	160	255	160	160	160	255	160	160	160	255	160	160	160	255
[MUSHROOM_ISLAND]	255	0	255	255	255	0	255	255	255	0	255	255	255	0	255	255
[MUSHROOM_SHORE]	160	0	255	255	160	0	255	255	160	0	255	255	160	0	255	255
[BEACH]	250	222	85	255	250	222	85	255	250	222	85	255	250	222	85	255
[DESERT_HILLS]	210	95	18	255	210	95	18	255	210	95	18	255	210	95	18	255
[FOREST_HILLS]	34	85	28	255	34	85	28	255	34	85	28	255	34	85	28	255
[TAIGA_HILLS]	22	57	51	255	22	57	51	255	22	57	51	255	22	57	51	255
[SMALL_MOUNTAINS]	114	120	154	255	114	120	154	255	114	120	154	255	114	120	154	255
[JUNGLE]	83	123	9	255	83	123	9	255	83	123	9	255	83	123	9	255
[JUNGLE_HILLS]	44	66	5	255	44	66	5	255	44	66	5	255	44	66	5	255
[JUNGLE_EDGE]	98	139	23	255	98	139	23	255	98	139	23	255	98	139	23	255
[DEEP_OCEAN]	0	0	48	255	0	0	48	255	0	0	48	255	0	0	48	255
[STONE_BEACH]	162	162	132	255	162	162	132	255	162	162	132	255	162	162	132	255
[COLD_BEACH]	250	240	192	255	250	240	192	255	250	240	192	255	250	240	192	255
[BIRCH_FOREST]	48	116	68	255	48	116	68	255	48	116	68	255	48	116	68	255
[BIRCH_FOREST_HILLS]	31	95	50	255	31	95	50	255	31	95	50	255	31	95	50	255
[ROOFED_FOREST]	64	81	26	255	64	81	26	255	64	81	26	255	64	81	26	255
[COLD_TAIGA]	49	85	74	255	49	85	74	255	49	85	74	255	49	85	74	255
[COLD_TAIGA_HILLS]	36	63	54	255	36	63	54	255	36	63	54	255	36	63	54	255
[MEGA_TAIGA]	89	102	81	255	89	102	81	255	89	102	81	255	89	102	81	255
[MEGA_TAIGA_HILLS]	69	79	62	255	69	79	62	255	69	79	62	255	69	79	62	255
[EXTREME_HILLS_PLUS]	80	112	80	255	80	112	80	255	80	112	80	255	80	112	80	255
[SAVANNA]	189	178	95	255	189	178	95	255	189	178	95	255	189	178	95	255
[SAVANNA_PLATEAU]	167	157	100	255	167	157	100	255	167	157	100	255	167	157	100	255
[MESA]	217	69	21	255	217	69	21	255	217	69	21	255	217	69	21	255
[MESA_PLATEAU_FOREST]	176	151	101	255	176	151	101	255	176	151	101	255	176	151	101	255
[MESA_PLATEAU]	202	140	101	255	202	140	101	255	202	140	101	255	202	140	101	255
[SMALL_END_ISLANDS]	128	128	255	255	128	128	255	255	128	128	255	255	128	128	255	255
[END_MIDLANDS]	128	128	255	255	128	128	255	255	128	128	255	255	128	128	255	255
[END_HIGHLANDS]	128	128	255	255	128	128	255	255	128	128	255	255	128	128	255	255
[END_BARRENS]	128	128	255	255	128	128	255	255	128	128	255	255	128	128	255	255
[WARM_OCEAN]	0	0	172	255	0	0	172	255	0	0	172	255	0	0	172	255
[LUKEWARM_OCEAN]	0	0	144	255	0	0	144	255	0	0	144	255	0	0	144	255
[COLD_OCEAN]	32	32	112	255	32	32	112	255	32	32	112	255	32	32	112	255
[DEEP_WARM_OCEAN]	0	0	80	255	0	0	80	255	0	0	80	255	0	0	80	255
[DEEP_LUKEWARM_OCEAN]	0	0	64	255	0	0	64	255	0	0	64	255	0	0	64	255
[DEEP_COLD_OCEAN]	32	32	56	255	32	32	56	255	32	32	56	255	32	32	56	255
[DEEP_FROZEN_OCEAN]	64	64	144	255	64	64	144	255	64	64	144	255	64	64	144	255
[THE_VOID]	0	0	0	255	0	0	0	255	0	0	0	255	0	0	0	255
[SUNFLOWER_PLAINS]	181	219	136	255	181	219	136	255	181	219	136	255	181	219	136	255
[DESERT_MOUNTAINS]	255	188	64	255	255	188	64	255	255	188	64	255	255	188	64	255
[EXTREME_HILLS_MOUNTAINS]	136	136	136	255	136	136	136	255	136	136	136	255	136	136	136	255
[FLOWER_FOREST]	45	142	73	255	45	142	73	255	45	142	73	255	45	142	73	255
[TAIGA_MOUNTAINS]	51	142	129	255	51	142	129	255	51	142	129	255	51	142	129	255
[SWAMPLAND_MOUNTAINS]	47	255	218	255	47	255	218	255	47	255	218	255	47	255	218	255
[ICE_PLAINS_SPIKES]	180	220	220	255	180	220	220	255	180	220	220	255	180	220	220	255
[JUNGLE_MOUNTAINS]	123	163	49	255	123	163	49	255	123	163	49	255	123	163	49	255
[JUNGLE_EDGE_MOUNTAINS]	138	179	63	255	138	179	63	255	138	179	63	255	138	179	63	255
[BIRCH_FOREST_MOUNTAINS]	88	156	108	255	88	156	108	255	88	156	108	255	88	156	108	255
[BIRCH_FOREST_HILLS_MOUNTAINS]	71	135	90	255	71	135	90	255	71	135	90	255	71	135	90	255
[ROOFED_FOREST_MOUNTAINS]	104	121	66	255	104	121	66	255	104	121	66	255	104	121	66	255
[COLD_TAIGA_MOUNTAINS]	89	125	114	255	89	125	114	255	89	125	114	255	89	125	114	255
[MEGA_SPRUCE_TAIGA]	129	142	121	255	129	142	121	255	129	142	121	255	129	142	121	255
[MEGA_SPRUCE_TAIGA_HILLS]	109	119	102	255	109	119	102	255	109	119	102	255	109	119	102	255
[EXTREME_HILLS_PLUS_MOUNTAINS]	120	152	120	255	120	152	120	255	120	152	120	255	120	152	120	255
[SAVANNA_MOUNTAINS]	229	218	135	255	229	218	135	255	229	218	135	255	229	218	135	255
[SAVANNA_PLATEAU_MOUNTAINS]	207	197	140	255	207	197	140	255	207	197	140	255	207	197	140	255
[MESA_BRYCE]	255	109	61	255	255	109	61	255	255	109	61	255	255	109	61	255
[MESA_PLATEAU_FOREST_MOUNTAINS]	216	191	141	255	216	191	141	255	216	191	141	255	216	191	141	255
[MESA_PLATEAU_MOUNTAINS]	242	180	141	255	242	180	141	255	242	180	141	255	242	180	141	255
[BEACH_MOUNTAINS]	255	255	125	255	255	255	125	255	255	255	125	255	255	255	125	255
[COLD_BEACH_MOUNTAINS]	255	255	232	255	255	255	232	255	255	255	232	255	255	255	232	255
[COLD_TAIGA_HILLS_MOUNTAINS]	76	103	94	255	76	103	94	255	76	103	94	255	76	103	94	255
[DEEP_OCEAN_MOUNTAINS]	40	40	88	255	40	40	88	255	40	40	88	255	40	40	88	255
[DESERT_HILLS_MOUNTAINS]	250	135	58	255	250	135	58	255	250	135	58	255	250	135	58	255
[EXTREME_HILLS_EDGE_MOUNTAINS]	154	160	194	255	154	160	194	255	154	160	194	255	154	160	194	255
[FOREST_HILLS_MOUNTAINS]	74	125	68	255	74	125	68	255	74	125	68	255	74	125	68	255
[FROZEN_OCEAN_MOUNTAINS]	184	184	200	255	184	184	200	255	184	184	200	255	184	184	200	255
[FROZEN_RIVER_MOUNTAINS]	200	200	255	255	200	200	255	255	200	200	255	255	200	200	255	255
[HELL_MOUNTAINS]	255	40	40	255	255	40	40	255	255	40	40	255	255	40	40	255
[ICE_MOUNTAINS_MOUNTAINS]	200	200	200	255	200	200	200	255	200	200	200	255	200	200	200	255
[JUNGLE_HILLS_MOUNTAINS]	84	106	45	255	84	106	45	255	84	106	45	255	84	106	45	255
[MUSHROOM_ISLAND_MOUNTAINS]	255	40	255	255	255	40	255	255	255	40	255	255	255	40	255	255
[MUSHROOM_SHORE_MOUNTAINS]	200	40	255	255	200	40	255	255	200	40	255	255	200	40	255	255
[OCEAN_MOUNTAINS]	40	40	152	255	40	40	152	255	40	40	152	255	40	40	152	255
[RIVER_MOUNTAINS]	40	40	255	255	40	40	255	255	40	40	255	255	40	40	255	255
[SKY_MOUNTAINS]	168	168	255	255	168	168	255	255	168	168	255	255	168	168	255	255
[STONE_BEACH_MOUNTAINS]	202	202	172	255	202	202	172	255	202	202	172	255	202	202	172	255
[TAIGA_HILLS_MOUNTAINS]	62	97	91	255	62	97	91	255	62	97	91	255	62	97	91	255
Rainfall/Temperature Mapping
[RAINFALL-0.0]	120	120	120	255	96	96	96	255	60	60	60	255	48	48	48	255
[RAINFALL-1.0]	38	92	255	255	30	73	204	255	19	46	127	255	15	36	102	255
[TEMPERATURE-0.0]	38	92	255	255	30	73	204	255	19	46	127	255	15	36	102	255
[TEMPERATURE-0.5]	91	121	185	255	73	96	147	255	46	61	92	255	36	48	73	255
[TEMPERATURE-0.8]	51	165	42	255	41	131	33	255	26	82	21	255	20	65	17	255
[TEMPERATURE-0.9]	170	158	24	255	135	126	19	255	85	79	12	255	67	62	10	255
[TEMPERATURE-0.95]	204	111	48	255	162	89	38	255	102	56	24	255	81	44	19	255
[TEMPERATURE-1.0]	143	39	36	255	114	31	28	255	71	20	18	255	57	16	14	255
