1 122 135 128 255 97 108 102 255 61 67 64 255 48 54 51 255
1:1 156 85 51 255 124 68 40 255 78 42 25 255 62 34 20 255
1:2 169 93 57 255 135 74 45 255 84 46 28 255 67 37 22 255
1:3 187 182 174 255 149 145 139 255 93 91 87 255 74 72 69 255
1:4 192 190 182 255 153 152 145 255 96 95 91 255 76 76 72 255
1:5 83 89 82 255 66 71 65 255 41 44 41 255 33 35 32 255
1:6 82 87 82 255 65 69 65 255 41 43 41 255 32 34 32 255
2 53 93 38 255 42 74 30 255 26 46 19 255 21 37 15 255
3 97 70 53 255 77 56 42 255 48 35 26 255 38 28 21 255
3:2 123 84 34 255 98 67 27 255 61 42 17 255 49 33 13 255
4 99 109 98 255 79 87 78 255 49 54 49 255 39 43 39 255
5 86 70 50 255 68 56 40 255 43 35 25 255 34 28 20 255
5:1 63 43 38 255 50 34 30 255 31 21 19 255 25 17 15 255
5:2 114 100 75 255 91 80 60 255 57 50 37 255 45 40 30 255
5:3 65 61 32 255 52 48 25 255 32 30 16 255 26 24 12 255
5:4 77 41 22 255 61 32 17 255 38 20 11 255 30 16 8 255
5:5 57 49 38 255 45 39 30 255 28 24 19 255 22 19 15 255
6 37 59 29 114 29 47 23 114 18 29 14 114 14 23 11 114
6:1 34 54 26 63 27 43 20 63 17 27 13 63 13 21 10 63
6:2 75 97 48 91 60 77 38 91 37 48 24 91 30 38 19 91
6:3 30 69 9 81 24 55 7 81 15 34 4 81 12 27 3 81
6:4 75 76 26 81 60 60 20 81 37 38 13 81 30 30 10 81
6:5 38 41 30 121 30 32 24 121 19 20 15 121 15 16 12 121
6:9 34 54 26 63 27 43 20 63 17 27 13 63 13 21 10 63
6:10 75 97 48 91 60 77 38 91 37 48 24 91 30 38 19 91
6:11 30 69 9 81 24 55 7 81 15 34 4 81 12 27 3 81
6:12 75 76 26 81 60 60 20 81 37 38 13 81 30 30 10 81
6:13 38 41 30 121 30 32 24 121 19 20 15 121 15 16 12 121
7 42 43 46 255 33 34 36 255 21 21 23 255 16 17 18 255
8 65 143 205 141 52 114 164 141 32 71 102 141 26 57 82 141
9 61 136 198 143 48 108 158 143 30 68 99 143 24 54 79 143
9:1 65 143 205 141 52 114 164 141 32 71 102 141 26 57 82 141
9:2 65 143 205 141 52 114 164 141 32 71 102 141 26 57 82 141
9:3 65 143 205 141 52 114 164 141 32 71 102 141 26 57 82 141
9:4 65 143 205 141 52 114 164 141 32 71 102 141 26 57 82 141
9:5 65 143 205 141 52 114 164 141 32 71 102 141 26 57 82 141
9:6 65 143 205 141 52 114 164 141 32 71 102 141 26 57 82 141
9:7 65 143 205 141 52 114 164 141 32 71 102 141 26 57 82 141
10 129 31 15 255 103 24 12 255 64 15 7 255 51 12 6 255
11 128 34 18 255 102 27 14 255 64 17 9 255 51 13 7 255
12 230 217 160 255 184 173 128 255 115 108 80 255 92 86 64 255
12:1 156 96 58 255 124 76 46 255 78 48 29 255 62 38 23 255
13 78 73 62 255 62 58 49 255 39 36 31 255 31 29 24 255
14 130 130 101 255 104 104 80 255 65 65 50 255 52 52 40 255
15 120 120 109 255 96 96 87 255 60 60 54 255 48 48 43 255
16 91 100 95 255 72 80 76 255 45 50 47 255 36 40 38 255
17 140 124 88 255 112 99 70 255 70 62 44 255 56 49 35 255
17:1 124 103 95 255 99 82 76 255 62 51 47 255 49 41 38 255
17:2 141 130 98 255 112 104 78 255 70 65 49 255 56 52 39 255
17:3 117 103 65 255 93 82 52 255 58 51 32 255 46 41 26 255
17:4 73 60 41 255 58 48 32 255 36 30 20 255 29 24 16 255
17:5 51 39 35 255 40 31 28 255 25 19 17 255 20 15 14 255
17:6 182 181 175 255 145 144 140 255 91 90 87 255 72 72 70 255
17:7 43 39 15 255 34 31 12 255 21 19 7 255 17 15 6 255
17:8 73 60 41 255 58 48 32 255 36 30 20 255 29 24 16 255
17:9 51 39 35 255 40 31 28 255 25 19 17 255 20 15 14 255
17:10 182 181 175 255 145 144 140 255 91 90 87 255 72 72 70 255
17:11 43 39 15 255 34 31 12 255 21 19 7 255 17 15 6 255
17:12 73 60 41 255 58 48 32 255 36 30 20 255 29 24 16 255
17:13 51 39 35 255 40 31 28 255 25 19 17 255 20 15 14 255
17:14 182 181 175 255 145 144 140 255 91 90 87 255 72 72 70 255
17:15 43 39 15 255 34 31 12 255 21 19 7 255 17 15 6 255
18 44 78 32 214 35 62 25 214 22 39 16 214 17 31 12 214
18:1 37 65 31 229 29 52 24 229 18 32 15 229 14 26 12 229
18:2 87 113 58 167 69 90 46 167 43 56 29 167 34 45 23 167
18:3 43 77 32 232 34 61 25 232 21 38 16 232 17 30 12 232
18:5 37 65 31 229 29 52 24 229 18 32 15 229 14 26 12 229
18:6 87 113 58 167 69 90 46 167 43 56 29 167 34 45 23 167
18:7 43 77 32 232 34 61 25 232 21 38 16 232 17 30 12 232
18:9 37 65 31 229 29 52 24 229 18 32 15 229 14 26 12 229
18:10 87 113 58 167 69 90 46 167 43 56 29 167 34 45 23 167
18:11 43 77 32 232 34 61 25 232 21 38 16 232 17 30 12 232
18:13 37 65 31 229 29 52 24 229 18 32 15 229 14 26 12 229
18:14 87 113 58 167 69 90 46 167 43 56 29 167 34 45 23 167
18:15 43 77 32 232 34 61 25 232 21 38 16 232 17 30 12 232
19 187 168 87 255 149 134 69 255 93 84 43 255 74 67 34 255
19:1 159 143 77 255 127 114 61 255 79 71 38 255 63 57 30 255
20 67 66 61 96 53 52 48 96 33 33 30 96 26 26 24 96
21 92 115 131 255 73 92 104 255 46 57 65 255 36 46 52 255
22 44 87 152 255 35 69 121 255 22 43 76 255 17 34 60 255
23 116 118 105 255 92 94 84 255 58 59 52 255 46 47 42 255
23:1 112 117 107 255 89 93 85 255 56 58 53 255 44 46 42 255
23:9 112 117 107 255 89 93 85 255 56 58 53 255 44 46 42 255
24 214 200 152 255 171 160 121 255 107 100 76 255 85 80 60 255
25 83 80 70 255 66 64 56 255 41 40 35 255 33 32 28 255
26 125 38 34 255 100 30 27 255 62 19 17 255 50 15 13 255
26:8 170 153 137 255 136 122 109 255 85 76 68 255 68 61 54 255
26:9 170 153 137 255 136 122 109 255 85 76 68 255 68 61 54 255
26:10 170 153 137 255 136 122 109 255 85 76 68 255 68 61 54 255
26:11 170 153 137 255 136 122 109 255 85 76 68 255 68 61 54 255
27 91 77 53 211 72 61 42 211 45 38 26 211 36 30 21 211
27:8 98 76 53 211 78 60 42 211 49 38 26 211 39 30 21 211
27:9 98 76 53 211 78 60 42 211 49 38 26 211 39 30 21 211
27:10 98 76 53 211 78 60 42 211 49 38 26 211 39 30 21 211
27:11 98 76 53 211 78 60 42 211 49 38 26 211 39 30 21 211
27:12 98 76 53 211 78 60 42 211 49 38 26 211 39 30 21 211
27:13 98 76 53 211 78 60 42 211 49 38 26 211 39 30 21 211
28 89 81 73 232 71 64 58 232 44 40 36 232 35 32 29 232
29 119 134 126 255 95 107 100 255 59 67 63 255 47 53 50 255
29:1 63 72 39 255 50 57 31 255 31 36 19 255 25 28 15 255
29:2 112 120 110 255 89 96 88 255 56 60 55 255 44 48 44 255
29:3 112 120 110 255 89 96 88 255 56 60 55 255 44 48 44 255
29:4 112 120 110 255 89 96 88 255 56 60 55 255 44 48 44 255
29:5 112 120 110 255 89 96 88 255 56 60 55 255 44 48 44 255
29:9 110 124 117 255 88 99 93 255 55 62 58 255 44 49 46 255
29:10 119 132 124 207 95 105 99 207 59 66 62 207 47 52 49 207
29:11 119 132 124 207 95 105 99 207 59 66 62 207 47 52 49 207
29:12 119 132 124 207 95 105 99 207 59 66 62 207 47 52 49 207
29:13 119 132 124 207 95 105 99 207 59 66 62 207 47 52 49 207
30 191 193 197 76 152 154 157 76 95 96 98 76 76 77 78 76
31 103 96 56 122 82 76 44 122 51 48 28 122 41 38 22 122
31:1 51 90 37 56 40 72 29 56 25 45 18 56 20 36 14 56
31:2 40 71 29 111 32 56 23 111 20 35 14 111 16 28 11 111
32 103 96 56 122 82 76 44 122 51 48 28 122 41 38 22 122
33 119 134 126 255 95 107 100 255 59 67 63 255 47 53 50 255
33:1 76 66 52 255 60 52 41 255 38 33 26 255 30 26 20 255
33:2 112 120 110 255 89 96 88 255 56 60 55 255 44 48 44 255
33:3 112 120 110 255 89 96 88 255 56 60 55 255 44 48 44 255
33:4 112 120 110 255 89 96 88 255 56 60 55 255 44 48 44 255
33:5 112 120 110 255 89 96 88 255 56 60 55 255 44 48 44 255
33:9 110 124 117 255 88 99 93 255 55 62 58 255 44 49 46 255
33:10 119 132 124 207 95 105 99 207 59 66 62 207 47 52 49 207
33:11 119 132 124 207 95 105 99 207 59 66 62 207 47 52 49 207
33:12 119 132 124 207 95 105 99 207 59 66 62 207 47 52 49 207
33:13 119 132 124 207 95 105 99 207 59 66 62 207 47 52 49 207
34 110 124 117 255 88 99 93 255 55 62 58 255 44 49 46 255
34:1 76 66 52 255 60 52 41 255 38 33 26 255 30 26 20 255
34:2 83 69 52 111 66 55 41 111 41 34 26 111 33 27 20 111
34:3 83 69 52 111 66 55 41 111 41 34 26 111 33 27 20 111
34:4 83 69 52 111 66 55 41 111 41 34 26 111 33 27 20 111
34:5 83 69 52 111 66 55 41 111 41 34 26 111 33 27 20 111
34:9 63 72 39 255 50 57 31 255 31 36 19 255 25 28 15 255
34:10 83 69 52 111 66 55 41 111 41 34 26 111 33 27 20 111
34:11 83 69 52 111 66 55 41 111 41 34 26 111 33 27 20 111
34:12 83 69 52 111 66 55 41 111 41 34 26 111 33 27 20 111
34:13 83 69 52 111 66 55 41 111 41 34 26 111 33 27 20 111
35 220 218 214 255 176 174 171 255 110 109 107 255 88 87 85 255
35:1 217 100 46 255 173 80 36 255 108 50 23 255 86 40 18 255
35:2 169 82 188 255 135 65 150 255 84 41 94 255 67 32 75 255
35:3 118 149 198 255 94 119 158 255 59 74 99 255 47 59 79 255
35:4 209 172 48 255 167 137 38 255 104 86 24 255 83 68 19 255
35:5 94 183 60 255 75 146 48 255 47 91 30 255 37 73 24 255
35:6 215 147 157 255 172 117 125 255 107 73 78 255 86 58 62 255
35:7 54 52 50 255 43 41 40 255 27 26 25 255 21 20 20 255
35:8 125 134 129 255 100 107 103 255 62 67 64 255 50 53 51 255
35:9 41 102 113 255 32 81 90 255 20 51 56 255 16 40 45 255
35:10 92 47 143 255 73 37 114 255 46 23 71 255 36 18 57 255
35:11 41 65 130 255 32 52 104 255 20 32 65 255 16 26 52 255
35:12 84 50 29 255 67 40 23 255 42 25 14 255 33 20 11 255
35:13 54 99 26 255 43 79 20 255 27 49 13 255 21 39 10 255
35:14 131 33 35 255 104 26 28 255 65 16 17 255 52 13 14 255
35:15 25 23 21 255 20 18 16 255 12 11 10 255 10 9 8 255
37 122 113 26 19 97 90 20 19 61 56 13 19 48 45 10 19
38 94 33 25 22 75 26 20 22 47 16 12 22 37 13 10 22
38:1 59 101 122 63 47 80 97 63 29 50 61 63 23 40 48 63
38:2 117 106 120 68 93 84 96 68 58 53 60 68 46 42 48 68
38:3 64 69 56 69 51 55 44 69 32 34 28 69 25 27 22 69
38:4 96 69 39 104 76 55 31 104 48 34 19 104 38 27 15 104
38:5 98 93 35 104 78 74 28 104 49 46 17 104 39 37 14 104
38:6 117 136 98 104 93 108 78 104 58 68 49 104 46 54 39 104
38:7 113 101 69 104 90 80 55 104 56 50 34 104 45 40 27 104
38:8 180 183 163 52 144 146 130 52 90 91 81 52 72 73 65 52
39 142 109 85 43 113 87 68 43 71 54 42 43 56 43 34 43
40 157 90 78 35 125 72 62 35 78 45 39 35 62 36 31 35
41 190 161 90 255 152 128 72 255 95 80 45 255 76 64 36 255
42 104 108 101 255 83 86 80 255 52 54 50 255 41 43 40 255
43 153 169 161 255 122 135 128 255 76 84 80 255 61 67 64 255
43:1 214 200 152 255 171 160 121 255 107 100 76 255 85 80 60 255
43:2 86 70 50 255 68 56 40 255 43 35 25 255 34 28 20 255
43:3 99 109 98 255 79 87 78 255 49 54 49 255 39 43 39 255
43:4 142 93 66 255 113 74 52 255 71 46 33 255 56 37 26 255
43:5 110 125 118 255 88 100 94 255 55 62 59 255 44 50 47 255
43:6 51 27 33 255 40 21 26 255 25 13 16 255 20 10 13 255
43:7 207 204 195 255 165 163 156 255 103 102 97 255 82 81 78 255
43:9 214 200 152 255 171 160 121 255 107 100 76 255 85 80 60 255
43:10 86 70 50 255 68 56 40 255 43 35 25 255 34 28 20 255
43:11 99 109 98 255 79 87 78 255 49 54 49 255 39 43 39 255
43:12 142 93 66 255 113 74 52 255 71 46 33 255 56 37 26 255
43:13 110 125 118 255 88 100 94 255 55 62 59 255 44 50 47 255
43:14 51 27 33 255 40 21 26 255 25 13 16 255 20 10 13 255
43:15 207 204 195 255 165 163 156 255 103 102 97 255 82 81 78 255
44 153 169 161 255 122 135 128 255 76 84 80 255 61 67 64 255
44:1 214 200 152 255 171 160 121 255 107 100 76 255 85 80 60 255
44:2 86 70 50 255 68 56 40 255 43 35 25 255 34 28 20 255
44:3 99 109 98 255 79 87 78 255 49 54 49 255 39 43 39 255
44:4 142 93 66 255 113 74 52 255 71 46 33 255 56 37 26 255
44:5 110 125 118 255 88 100 94 255 55 62 59 255 44 50 47 255
44:6 51 27 33 255 40 21 26 255 25 13 16 255 20 10 13 255
44:7 207 204 195 255 165 163 156 255 103 102 97 255 82 81 78 255
44:9 214 200 152 255 171 160 121 255 107 100 76 255 85 80 60 255
44:10 86 70 50 255 68 56 40 255 43 35 25 255 34 28 20 255
44:11 99 109 98 255 79 87 78 255 49 54 49 255 39 43 39 255
44:12 142 93 66 255 113 74 52 255 71 46 33 255 56 37 26 255
44:13 110 125 118 255 88 100 94 255 55 62 59 255 44 50 47 255
44:14 51 27 33 255 40 21 26 255 25 13 16 255 20 10 13 255
44:15 207 204 195 255 165 163 156 255 103 102 97 255 82 81 78 255
45 142 93 66 255 113 74 52 255 71 46 33 255 56 37 26 255
46 89 37 30 255 71 29 24 255 44 18 15 255 35 14 12 255
47 86 70 50 255 68 56 40 255 43 35 25 255 34 28 20 255
48 104 117 92 255 83 93 73 255 52 58 46 255 41 46 36 255
49 47 44 58 255 37 35 46 255 23 22 29 255 18 17 23 255
50 105 88 59 48 84 70 47 48 52 44 29 48 42 35 23 48
51 239 149 41 168 191 119 32 168 119 74 20 168 95 59 16 168
52 62 58 54 204 49 46 43 204 31 29 27 204 24 23 21 204
53 86 70 50 255 68 56 40 255 43 35 25 255 34 28 20 255
54 99 59 51 197 79 47 40 197 49 29 25 197 39 23 20 197
54:4 106 52 42 210 84 41 33 210 53 26 21 210 42 20 16 210
54:5 106 52 42 210 84 41 33 210 53 26 21 210 42 20 16 210
54:6 106 52 42 210 84 41 33 210 53 26 21 210 42 20 16 210
54:7 106 52 42 210 84 41 33 210 53 26 21 210 42 20 16 210
54:8 106 51 42 210 84 40 33 210 53 25 21 210 42 20 16 210
54:9 106 51 42 210 84 40 33 210 53 25 21 210 42 20 16 210
54:10 106 51 42 210 84 40 33 210 53 25 21 210 42 20 16 210
54:11 106 51 42 210 84 40 33 210 53 25 21 210 42 20 16 210
55 194 197 201 50 155 157 160 50 97 98 100 50 77 78 80 50
56 107 140 139 255 85 112 111 255 53 70 69 255 42 56 55 255
57 109 148 147 255 87 118 117 255 54 74 73 255 43 59 58 255
58 189 182 162 255 151 145 129 255 94 91 81 255 75 72 64 255
59 41 81 31 29 32 64 24 29 20 40 15 29 16 32 12 29
59:1 40 80 31 39 32 64 24 39 20 40 15 39 16 32 12 39
59:2 40 79 31 50 32 63 24 50 20 39 15 50 16 31 12 50
59:3 39 78 30 60 31 62 24 60 19 39 15 60 15 31 12 60
59:4 65 94 39 82 52 75 31 82 32 47 19 82 26 37 15 82
59:5 85 107 47 109 68 85 37 109 42 53 23 109 34 42 18 109
59:6 115 121 52 123 92 96 41 123 57 60 26 123 46 48 20 123
59:7 162 140 87 134 129 112 69 134 81 70 43 134 64 56 34 134
59:8 162 140 87 134 129 112 69 134 81 70 43 134 64 56 34 134
59:9 162 140 87 134 129 112 69 134 81 70 43 134 64 56 34 134
59:10 162 140 87 134 129 112 69 134 81 70 43 134 64 56 34 134
59:11 162 140 87 134 129 112 69 134 81 70 43 134 64 56 34 134
59:12 162 140 87 134 129 112 69 134 81 70 43 134 64 56 34 134
59:13 162 140 87 134 129 112 69 134 81 70 43 134 64 56 34 134
59:14 162 140 87 134 129 112 69 134 81 70 43 134 64 56 34 134
59:15 162 140 87 134 129 112 69 134 81 70 43 134 64 56 34 134
60 73 74 45 255 58 59 36 255 36 37 22 255 29 29 18 255
60:1 54 60 36 255 43 48 28 255 27 30 18 255 21 24 14 255
60:2 54 60 36 255 43 48 28 255 27 30 18 255 21 24 14 255
60:3 54 60 36 255 43 48 28 255 27 30 18 255 21 24 14 255
60:4 54 60 36 255 43 48 28 255 27 30 18 255 21 24 14 255
60:5 54 60 36 255 43 48 28 255 27 30 18 255 21 24 14 255
60:6 54 60 36 255 43 48 28 255 27 30 18 255 21 24 14 255
60:7 54 60 36 255 43 48 28 255 27 30 18 255 21 24 14 255
60:8 54 60 36 255 43 48 28 255 27 30 18 255 21 24 14 255
60:9 54 60 36 255 43 48 28 255 27 30 18 255 21 24 14 255
60:10 54 60 36 255 43 48 28 255 27 30 18 255 21 24 14 255
60:11 54 60 36 255 43 48 28 255 27 30 18 255 21 24 14 255
60:12 54 60 36 255 43 48 28 255 27 30 18 255 21 24 14 255
60:13 54 60 36 255 43 48 28 255 27 30 18 255 21 24 14 255
60:14 54 60 36 255 43 48 28 255 27 30 18 255 21 24 14 255
60:15 54 60 36 255 43 48 28 255 27 30 18 255 21 24 14 255
61:2 116 118 105 255 92 94 84 255 58 59 52 255 46 47 42 255
61:3 116 118 105 255 92 94 84 255 58 59 52 255 46 47 42 255
61:4 116 118 105 255 92 94 84 255 58 59 52 255 46 47 42 255
61:5 116 118 105 255 92 94 84 255 58 59 52 255 46 47 42 255
62:2 116 118 105 255 92 94 84 255 58 59 52 255 46 47 42 255
62:3 116 118 105 255 92 94 84 255 58 59 52 255 46 47 42 255
62:4 116 118 105 255 92 94 84 255 58 59 52 255 46 47 42 255
62:5 116 118 105 255 92 94 84 255 58 59 52 255 46 47 42 255
63 71 65 50 10 56 52 40 10 35 32 25 10 28 26 20 10
64 90 87 78 226 72 69 62 226 45 43 39 226 36 34 31 226
65 42 41 35 116 33 32 28 116 21 20 17 116 16 16 14 116
66 73 66 56 208 58 52 44 208 36 33 28 208 29 26 22 208
66:6 75 71 63 99 60 56 50 99 37 35 31 99 30 28 25 99
66:7 75 71 63 99 60 56 50 99 37 35 31 99 30 28 25 99
66:8 75 71 63 99 60 56 50 99 37 35 31 99 30 28 25 99
66:9 75 71 63 99 60 56 50 99 37 35 31 99 30 28 25 99
67 99 109 98 255 79 87 78 255 49 54 49 255 39 43 39 255
68 71 65 50 10 56 52 40 10 35 32 25 10 28 26 20 10
69 99 109 98 255 79 87 78 255 49 54 49 255 39 43 39 255
70 122 135 128 255 97 108 102 255 61 67 64 255 48 54 51 255
71 103 106 100 239 82 84 80 239 51 53 50 239 41 42 40 239
72 86 70 50 255 68 56 40 255 43 35 25 255 34 28 20 255
73 122 84 80 255 97 67 64 255 61 42 40 255 48 33 32 255
74 122 84 80 255 97 67 64 255 61 42 40 255 48 33 32 255
75:1 71 61 58 35 56 48 46 35 35 30 29 35 28 24 23 35
75:2 71 61 58 35 56 48 46 35 35 30 29 35 28 24 23 35
75:3 71 61 58 35 56 48 46 35 35 30 29 35 28 24 23 35
75:4 71 61 58 35 56 48 46 35 35 30 29 35 28 24 23 35
75:5 71 61 58 35 56 48 46 35 35 30 29 35 28 24 23 35
76:1 78 62 58 35 62 49 46 35 39 31 29 35 31 24 23 35
76:2 78 62 58 35 62 49 46 35 39 31 29 35 31 24 23 35
76:3 78 62 58 35 62 49 46 35 39 31 29 35 31 24 23 35
76:4 78 62 58 35 62 49 46 35 39 31 29 35 31 24 23 35
76:5 78 62 58 35 62 49 46 35 39 31 29 35 31 24 23 35
77 122 135 128 255 97 108 102 255 61 67 64 255 48 54 51 255
78 219 226 232 255 175 180 185 255 109 113 116 255 87 90 92 255
79 159 208 241 179 127 166 192 179 79 104 120 179 63 83 96 179
80 219 226 232 255 175 180 185 255 109 113 116 255 87 90 92 255
81 74 110 55 195 59 88 44 195 37 55 27 195 29 44 22 195
82 143 159 164 255 114 127 131 255 71 79 82 255 57 63 65 255
83 123 114 58 175 98 91 46 175 61 57 29 175 49 45 23 175
84 82 79 73 255 65 63 58 255 41 39 36 255 32 31 29 255
85 86 70 50 255 68 56 40 255 43 35 25 255 34 28 20 255
86 183 99 31 255 146 79 24 255 91 49 15 255 73 39 12 255
87 118 61 65 255 94 48 52 255 59 30 32 255 47 24 26 255
88 91 66 62 255 72 52 49 255 45 33 31 255 36 26 24 255
89 197 144 71 255 157 115 56 255 98 72 35 255 78 57 28 255
90 91 0 160 167 72 0 128 167 45 0 80 167 36 0 64 167
91 183 99 31 255 146 79 24 255 91 49 15 255 73 39 12 255
92 196 189 189 195 156 151 151 195 98 94 94 195 78 75 75 195
93 128 136 130 255 102 108 104 255 64 68 65 255 51 54 52 255
94 131 136 129 255 104 108 103 255 65 68 64 255 52 54 51 255
95 152 151 148 176 121 120 118 176 76 75 74 176 60 60 59 176
95:1 152 84 33 176 121 67 26 176 76 42 16 176 60 33 13 176
95:2 152 36 82 176 121 28 65 176 76 18 41 176 60 14 32 176
95:3 37 102 148 176 29 81 118 176 18 51 74 176 14 40 59 176
95:4 152 133 33 176 121 106 26 176 76 66 16 176 60 53 13 176
95:5 70 151 33 176 56 120 26 176 35 75 16 176 28 60 13 176
95:6 152 93 140 176 121 74 112 176 76 46 70 176 60 37 56 176
95:7 65 65 61 176 52 52 48 176 32 32 30 176 26 26 24 176
95:8 94 93 90 176 75 74 72 176 47 46 45 176 37 37 36 176
95:9 37 93 90 176 29 74 72 176 18 46 45 176 14 37 36 176
95:10 112 36 98 176 89 28 78 176 56 18 49 176 44 14 39 176
95:11 37 53 148 176 29 42 118 176 18 26 74 176 14 21 59 176
95:12 94 59 33 176 75 47 26 176 47 29 16 176 37 23 13 176
95:13 37 93 39 176 29 74 31 176 18 46 19 176 14 37 15 176
95:14 152 36 33 176 121 28 26 176 76 18 16 176 60 14 13 176
95:15 37 36 33 176 29 28 26 176 18 18 16 176 14 14 13 176
96 91 88 79 237 72 70 63 237 45 44 39 237 36 35 31 237
97 122 135 128 255 97 108 102 255 61 67 64 255 48 54 51 255
97:1 99 109 98 255 79 87 78 255 49 54 49 255 39 43 39 255
97:2 110 125 118 255 88 100 94 255 55 62 59 255 44 50 47 255
98 110 125 118 255 88 100 94 255 55 62 59 255 44 50 47 255
98:1 107 123 111 255 85 98 88 255 53 61 55 255 42 49 44 255
98:2 102 116 109 255 81 92 87 255 51 58 54 255 40 46 43 255
98:3 88 99 94 255 70 79 75 255 44 49 47 255 35 39 37 255
99 198 188 168 255 158 150 134 255 99 94 84 255 79 75 67 255
99:1 132 118 92 255 105 94 73 255 66 59 46 255 52 47 36 255
99:2 132 118 92 255 105 94 73 255 66 59 46 255 52 47 36 255
99:3 132 118 92 255 105 94 73 255 66 59 46 255 52 47 36 255
99:4 132 118 92 255 105 94 73 255 66 59 46 255 52 47 36 255
99:5 132 118 92 255 105 94 73 255 66 59 46 255 52 47 36 255
99:6 132 118 92 255 105 94 73 255 66 59 46 255 52 47 36 255
99:7 132 118 92 255 105 94 73 255 66 59 46 255 52 47 36 255
99:8 132 118 92 255 105 94 73 255 66 59 46 255 52 47 36 255
99:9 132 118 92 255 105 94 73 255 66 59 46 255 52 47 36 255
99:14 132 118 92 255 105 94 73 255 66 59 46 255 52 47 36 255
99:15 215 205 186 255 172 164 148 255 107 102 93 255 86 82 74 255
100 198 188 168 255 158 150 134 255 99 94 84 255 79 75 67 255
100:1 162 39 33 255 129 31 26 255 81 19 16 255 64 15 13 255
100:2 162 39 33 255 129 31 26 255 81 19 16 255 64 15 13 255
100:3 162 39 33 255 129 31 26 255 81 19 16 255 64 15 13 255
100:4 162 39 33 255 129 31 26 255 81 19 16 255 64 15 13 255
100:5 162 39 33 255 129 31 26 255 81 19 16 255 64 15 13 255
100:6 162 39 33 255 129 31 26 255 81 19 16 255 64 15 13 255
100:7 162 39 33 255 129 31 26 255 81 19 16 255 64 15 13 255
100:8 162 39 33 255 129 31 26 255 81 19 16 255 64 15 13 255
100:9 162 39 33 255 129 31 26 255 81 19 16 255 64 15 13 255
100:14 162 39 33 255 129 31 26 255 81 19 16 255 64 15 13 255
100:15 215 205 186 255 172 164 148 255 107 102 93 255 86 82 74 255
101 60 60 56 123 48 48 44 123 30 30 28 123 24 24 22 123
102 67 66 61 96 53 52 48 96 33 33 30 96 26 26 24 96
103 94 159 67 255 75 127 53 255 47 79 33 255 37 63 26 255
104 32 57 24 30 25 45 19 30 16 28 12 30 12 22 9 30
105 32 57 24 30 25 45 19 30 16 28 12 30 12 22 9 30
106 31 55 23 170 24 44 18 170 15 27 11 170 12 22 9 170
107 86 70 50 255 68 56 40 255 43 35 25 255 34 28 20 255
108 142 93 66 255 113 74 52 255 71 46 33 255 56 37 26 255
109 110 125 118 255 88 100 94 255 55 62 59 255 44 50 47 255
110 95 78 97 255 76 62 77 255 47 39 48 255 38 31 38 255
111 17 71 26 157 13 56 20 157 8 35 13 157 6 28 10 157
112 51 27 33 255 40 21 26 255 25 13 16 255 20 10 13 255
113 51 27 33 255 40 21 26 255 25 13 16 255 20 10 13 255
114 51 27 33 255 40 21 26 255 25 13 16 255 20 10 13 255
115 102 23 21 38 81 18 16 38 51 11 10 38 40 9 8 38
115:1 96 22 19 73 76 17 15 73 48 11 9 73 38 8 7 73
115:2 96 22 19 73 76 17 15 73 48 11 9 73 38 8 7 73
115:3 98 25 21 160 78 20 16 160 49 12 10 160 39 10 8 160
115:4 98 25 21 160 78 20 16 160 49 12 10 160 39 10 8 160
115:5 98 25 21 160 78 20 16 160 49 12 10 160 39 10 8 160
115:6 98 25 21 160 78 20 16 160 49 12 10 160 39 10 8 160
115:7 98 25 21 160 78 20 16 160 49 12 10 160 39 10 8 160
116 45 33 35 255 36 26 28 255 22 16 17 255 18 13 14 255
117 79 72 66 112 63 57 52 112 39 36 33 112 31 28 26 112
118 62 62 62 111 49 49 49 111 31 31 31 111 24 24 24 111
119 47 44 58 255 37 35 46 255 23 22 29 255 18 17 23 255
120 135 137 126 255 108 109 100 255 67 68 63 255 54 54 50 255
120:4 140 150 130 95 112 120 104 95 70 75 65 95 56 60 52 95
120:5 140 150 130 95 112 120 104 95 70 75 65 95 56 60 52 95
120:6 140 150 130 95 112 120 104 95 70 75 65 95 56 60 52 95
120:7 140 150 130 95 112 120 104 95 70 75 65 95 56 60 52 95
121 179 179 156 255 143 143 124 255 89 89 78 255 71 71 62 255
122 37 37 41 255 29 29 32 255 18 18 20 255 14 14 16 255
123 60 53 44 255 48 42 35 255 30 26 22 255 24 21 17 255
124 137 111 65 255 109 88 52 255 68 55 32 255 54 44 26 255
125 86 70 50 255 68 56 40 255 43 35 25 255 34 28 20 255
125:1 63 43 38 255 50 34 30 255 31 21 19 255 25 17 15 255
125:2 114 100 75 255 91 80 60 255 57 50 37 255 45 40 30 255
125:3 65 61 32 255 52 48 25 255 32 30 16 255 26 24 12 255
125:4 77 41 22 255 61 32 17 255 38 20 11 255 30 16 8 255
125:5 57 49 38 255 45 39 30 255 28 24 19 255 22 19 15 255
125:9 63 43 38 255 50 34 30 255 31 21 19 255 25 17 15 255
125:10 114 100 75 255 91 80 60 255 57 50 37 255 45 40 30 255
125:11 65 61 32 255 52 48 25 255 32 30 16 255 26 24 12 255
125:12 77 41 22 255 61 32 17 255 38 20 11 255 30 16 8 255
125:13 57 49 38 255 45 39 30 255 28 24 19 255 22 19 15 255
126 86 70 50 255 68 56 40 255 43 35 25 255 34 28 20 255
126:1 63 43 38 255 50 34 30 255 31 21 19 255 25 17 15 255
126:2 114 100 75 255 91 80 60 255 57 50 37 255 45 40 30 255
126:3 65 61 32 255 52 48 25 255 32 30 16 255 26 24 12 255
126:4 77 41 22 255 61 32 17 255 38 20 11 255 30 16 8 255
126:5 57 49 38 255 45 39 30 255 28 24 19 255 22 19 15 255
126:9 63 43 38 255 50 34 30 255 31 21 19 255 25 17 15 255
126:10 114 100 75 255 91 80 60 255 57 50 37 255 45 40 30 255
126:11 65 61 32 255 52 48 25 255 32 30 16 255 26 24 12 255
126:12 77 41 22 255 61 32 17 255 38 20 11 255 30 16 8 255
126:13 57 49 38 255 45 39 30 255 28 24 19 255 22 19 15 255
127 164 130 7 131 131 104 5 131 82 65 3 131 65 52 2 131
128 205 189 142 255 164 151 113 255 102 94 71 255 82 75 56 255
129 91 133 108 255 72 106 86 255 45 66 54 255 36 53 43 255
130:2 44 41 53 197 35 32 42 197 22 20 26 197 17 16 21 197
130:3 44 41 53 197 35 32 42 197 22 20 26 197 17 16 21 197
130:4 44 41 53 197 35 32 42 197 22 20 26 197 17 16 21 197
130:5 44 41 53 197 35 32 42 197 22 20 26 197 17 16 21 197
131 99 109 98 255 79 87 78 255 49 54 49 255 39 43 39 255
133 40 138 79 255 32 110 63 255 20 69 39 255 16 55 31 255
134 63 43 38 255 50 34 30 255 31 21 19 255 25 17 15 255
135 114 100 75 255 91 80 60 255 57 50 37 255 45 40 30 255
136 65 61 32 255 52 48 25 255 32 30 16 255 26 24 12 255
137 88 76 71 255 70 60 56 255 44 38 35 255 35 30 28 255
138 67 66 61 96 53 52 48 96 33 33 30 96 26 26 24 96
139 99 109 98 255 79 87 78 255 49 54 49 255 39 43 39 255
139:1 104 117 92 255 83 93 73 255 52 58 46 255 41 46 36 255
140 143 91 60 49 114 72 48 49 71 45 30 49 57 36 24 49
141 41 80 41 12 32 64 32 12 20 40 20 12 16 32 16 12
141:2 44 83 44 35 35 66 35 35 22 41 22 35 17 33 17 35
141:3 44 83 44 35 35 66 35 35 22 41 22 35 17 33 17 35
141:4 39 77 41 53 31 61 32 53 19 38 20 53 15 30 16 53
141:5 39 77 41 53 31 61 32 53 19 38 20 53 15 30 16 53
141:6 39 77 41 53 31 61 32 53 19 38 20 53 15 30 16 53
141:7 41 79 42 104 32 63 33 104 20 39 21 104 16 31 16 104
142 41 80 41 12 32 64 32 12 20 40 20 12 16 32 16 12
142:2 44 83 44 35 35 66 35 35 22 41 22 35 17 33 17 35
142:3 44 83 44 35 35 66 35 35 22 41 22 35 17 33 17 35
142:4 39 77 41 53 31 61 32 53 19 38 20 53 15 30 16 53
142:5 39 77 41 53 31 61 32 53 19 38 20 53 15 30 16 53
142:6 39 77 41 53 31 61 32 53 19 38 20 53 15 30 16 53
142:7 32 73 38 114 25 58 30 114 16 36 19 114 12 29 15 114
143 86 70 50 255 68 56 40 255 43 35 25 255 34 28 20 255
145 38 38 38 255 30 30 30 255 19 19 19 255 15 15 15 255
146 99 59 51 197 79 47 40 197 49 29 25 197 39 23 20 197
146:4 106 52 42 210 84 41 33 210 53 26 21 210 42 20 16 210
146:5 106 52 42 210 84 41 33 210 53 26 21 210 42 20 16 210
146:6 106 52 42 210 84 41 33 210 53 26 21 210 42 20 16 210
146:7 106 52 42 210 84 41 33 210 53 26 21 210 42 20 16 210
146:8 106 51 42 210 84 40 33 210 53 25 21 210 42 20 16 210
146:9 106 51 42 210 84 40 33 210 53 25 21 210 42 20 16 210
146:10 106 51 42 210 84 40 33 210 53 25 21 210 42 20 16 210
146:11 106 51 42 210 84 40 33 210 53 25 21 210 42 20 16 210
147 190 161 90 255 152 128 72 255 95 80 45 255 76 64 36 255
148 104 108 101 255 83 86 80 255 52 54 50 255 41 43 40 255
149 130 137 131 255 104 109 104 255 65 68 65 255 52 54 52 255
150 133 137 131 255 106 109 104 255 66 68 65 255 53 54 52 255
151 83 95 91 255 66 76 72 255 41 47 45 255 33 38 36 255
152 95 56 52 255 76 44 41 255 47 28 26 255 38 22 20 255
153 139 87 79 255 111 69 63 255 69 43 39 255 55 34 31 255
154 43 43 43 255 34 34 34 255 21 21 21 255 17 17 17 255
155 207 204 195 255 165 163 156 255 103 102 97 255 82 81 78 255
155:1 195 191 181 255 156 152 144 255 97 95 90 255 78 76 72 255
155:2 203 201 191 255 162 160 152 255 101 100 95 255 81 80 76 255
155:3 189 184 172 255 151 147 137 255 94 92 86 255 75 73 68 255
155:4 189 184 172 255 151 147 137 255 94 92 86 255 75 73 68 255
156 207 204 195 255 165 163 156 255 103 102 97 255 82 81 78 255
157 77 69 62 211 61 55 49 211 38 34 31 211 30 27 24 211
157:8 84 69 61 211 67 55 48 211 42 34 30 211 33 27 24 211
157:9 84 69 61 211 67 55 48 211 42 34 30 211 33 27 24 211
157:10 84 69 61 211 67 55 48 211 42 34 30 211 33 27 24 211
157:11 84 69 61 211 67 55 48 211 42 34 30 211 33 27 24 211
157:12 84 69 61 211 67 55 48 211 42 34 30 211 33 27 24 211
157:13 84 69 61 211 67 55 48 211 42 34 30 211 33 27 24 211
158 116 118 105 255 92 94 84 255 58 59 52 255 46 47 42 255
158:1 111 117 107 255 88 93 85 255 55 58 53 255 44 46 42 255
159 164 133 108 255 131 106 86 255 82 66 54 255 65 53 43 255
159:1 162 89 52 255 129 71 41 255 81 44 26 255 64 35 20 255
159:2 164 110 94 255 131 88 75 255 82 55 47 255 65 44 37 255
159:3 78 110 114 255 62 88 91 255 39 55 57 255 31 44 45 255
159:4 146 102 47 255 116 81 37 255 73 51 23 255 58 40 18 255
159:5 109 113 52 255 87 90 41 255 54 56 26 255 43 45 20 255
159:6 143 80 97 255 114 64 77 255 71 40 48 255 57 32 38 255
159:7 52 37 28 255 41 29 22 255 26 18 14 255 20 14 11 255
159:8 121 96 74 255 96 76 59 255 60 48 37 255 48 38 29 255
159:9 51 53 81 255 40 42 64 255 25 26 40 255 20 21 32 255
159:10 100 76 107 255 80 60 85 255 50 38 53 255 40 30 42 255
159:11 72 91 121 255 57 72 96 255 36 45 60 255 28 36 48 255
159:12 102 60 38 255 81 48 30 255 51 30 19 255 40 24 15 255
159:13 55 70 20 255 44 56 16 255 27 35 10 255 22 28 8 255
159:14 124 57 42 255 99 45 33 255 62 28 21 255 49 22 16 255
159:15 27 19 14 255 21 15 11 255 13 9 7 255 10 7 5 255
160 152 151 148 176 121 120 118 176 76 75 74 176 60 60 59 176
160:1 152 84 33 176 121 67 26 176 76 42 16 176 60 33 13 176
160:2 152 36 82 176 121 28 65 176 76 18 41 176 60 14 32 176
160:3 37 102 148 176 29 81 118 176 18 51 74 176 14 40 59 176
160:4 152 133 33 176 121 106 26 176 76 66 16 176 60 53 13 176
160:5 70 151 33 176 56 120 26 176 35 75 16 176 28 60 13 176
160:6 152 93 140 176 121 74 112 176 76 46 70 176 60 37 56 176
160:7 65 65 61 176 52 52 48 176 32 32 30 176 26 26 24 176
160:8 94 93 90 176 75 74 72 176 47 46 45 176 37 37 36 176
160:9 37 93 90 176 29 74 72 176 18 46 45 176 14 37 36 176
160:10 112 36 98 176 89 28 78 176 56 18 49 176 44 14 39 176
160:11 37 53 148 176 29 42 118 176 18 26 74 176 14 21 59 176
160:12 94 59 33 176 75 47 26 176 47 29 16 176 37 23 13 176
160:13 37 93 39 176 29 74 31 176 18 46 19 176 14 37 15 176
160:14 152 36 33 176 121 28 26 176 76 18 16 176 60 14 13 176
160:15 37 36 33 176 29 28 26 176 18 18 16 176 14 14 13 176
161 43 77 32 232 34 61 25 232 21 38 16 232 17 30 12 232
161:1 44 78 32 214 35 62 25 214 22 39 16 214 17 31 12 214
161:5 44 78 32 214 35 62 25 214 22 39 16 214 17 31 12 214
161:9 44 78 32 214 35 62 25 214 22 39 16 214 17 31 12 214
161:13 44 78 32 214 35 62 25 214 22 39 16 214 17 31 12 214
162 102 55 41 255 81 44 32 255 51 27 20 255 40 22 16 255
162:1 124 103 95 255 99 82 76 255 62 51 47 255 49 41 38 255
162:4 84 69 52 255 67 55 41 255 42 34 26 255 33 27 20 255
162:5 51 39 35 255 40 31 28 255 25 19 17 255 20 15 14 255
162:8 84 69 52 255 67 55 41 255 42 34 26 255 33 27 20 255
162:9 51 39 35 255 40 31 28 255 25 19 17 255 20 15 14 255
162:12 84 69 52 255 67 55 41 255 42 34 26 255 33 27 20 255
162:13 51 39 35 255 40 31 28 255 25 19 17 255 20 15 14 255
163 77 41 22 255 61 32 17 255 38 20 11 255 30 16 8 255
164 57 49 38 255 45 39 30 255 28 24 19 255 22 19 15 255
165 163 217 118 150 130 173 94 150 81 108 59 150 65 86 47 150
167 111 114 109 239 88 91 87 239 55 57 54 239 44 45 43 239
168 118 123 96 255 94 98 76 255 59 61 48 255 47 49 38 255
168:1 85 96 84 255 68 76 67 255 42 48 42 255 34 38 33 255
168:2 86 99 86 255 68 79 68 255 43 49 43 255 34 39 34 255
169 89 106 92 255 71 84 73 255 44 53 46 255 35 42 36 255
170 222 194 89 255 177 155 71 255 111 97 44 255 88 77 35 255
171 220 218 214 255 176 174 171 255 110 109 107 255 88 87 85 255
171:1 217 100 46 255 173 80 36 255 108 50 23 255 86 40 18 255
171:2 169 82 188 255 135 65 150 255 84 41 94 255 67 32 75 255
171:3 118 149 198 255 94 119 158 255 59 74 99 255 47 59 79 255
171:4 209 172 48 255 167 137 38 255 104 86 24 255 83 68 19 255
171:5 94 183 60 255 75 146 48 255 47 91 30 255 37 73 24 255
171:6 215 147 157 255 172 117 125 255 107 73 78 255 86 58 62 255
171:7 54 52 50 255 43 41 40 255 27 26 25 255 21 20 20 255
171:8 125 134 129 255 100 107 103 255 62 67 64 255 50 53 51 255
171:9 41 102 113 255 32 81 90 255 20 51 56 255 16 40 45 255
171:10 92 47 143 255 73 37 114 255 46 23 71 255 36 18 57 255
171:11 41 65 130 255 32 52 104 255 20 32 65 255 16 26 52 255
171:12 84 50 29 255 67 40 23 255 42 25 14 255 33 20 11 255
171:13 54 99 26 255 43 79 20 255 27 49 13 255 21 39 10 255
171:14 131 33 35 255 104 26 28 255 65 16 17 255 52 13 14 255
171:15 25 23 21 255 20 18 16 255 12 11 10 255 10 9 8 255
172 141 100 74 255 112 80 59 255 70 50 37 255 56 40 29 255
173 45 49 52 255 36 39 41 255 22 24 26 255 18 19 20 255
174 155 194 231 255 124 155 184 255 77 97 115 255 62 77 92 255
175 59 62 31 192 47 49 24 192 29 31 15 192 23 24 12 192
175:8 74 57 31 109 59 45 24 109 37 28 15 109 29 22 12 109
175:9 74 57 31 109 59 45 24 109 37 28 15 109 29 22 12 109
175:10 74 57 31 109 59 45 24 109 37 28 15 109 29 22 12 109
175:11 74 57 31 109 59 45 24 109 37 28 15 109 29 22 12 109
175:12 74 57 31 109 59 45 24 109 37 28 15 109 29 22 12 109
175:13 74 57 31 109 59 45 24 109 37 28 15 109 29 22 12 109
175:14 74 57 31 109 59 45 24 109 37 28 15 109 29 22 12 109
175:15 74 57 31 109 59 45 24 109 37 28 15 109 29 22 12 109
178 73 77 73 255 58 61 58 255 36 38 36 255 29 30 29 255
179 143 88 53 255 114 70 42 255 71 44 26 255 57 35 21 255
180 135 83 50 255 108 66 40 255 67 41 25 255 54 33 20 255
181 143 88 53 255 114 70 42 255 71 44 26 255 57 35 21 255
182 143 88 53 255 114 70 42 255 71 44 26 255 57 35 21 255
183 63 43 38 255 50 34 30 255 31 21 19 255 25 17 15 255
184 114 100 75 255 91 80 60 255 57 50 37 255 45 40 30 255
185 65 61 32 255 52 48 25 255 32 30 16 255 26 24 12 255
186 57 49 38 255 45 39 30 255 28 24 19 255 22 19 15 255
187 77 41 22 255 61 32 17 255 38 20 11 255 30 16 8 255
188 63 43 38 255 50 34 30 255 31 21 19 255 25 17 15 255
189 114 100 75 255 91 80 60 255 57 50 37 255 45 40 30 255
190 65 61 32 255 52 48 25 255 32 30 16 255 26 24 12 255
191 57 49 38 255 45 39 30 255 28 24 19 255 22 19 15 255
192 77 41 22 255 61 32 17 255 38 20 11 255 30 16 8 255
193 71 60 56 255 56 48 44 255 35 30 28 255 28 24 22 255
194 144 145 139 255 115 116 111 255 72 72 69 255 57 58 55 255
195 71 65 40 236 56 52 32 236 35 32 20 236 28 26 16 236
196 77 45 28 184 61 36 22 184 38 22 14 184 30 18 11 184
197 63 58 49 255 50 46 39 255 31 29 24 255 25 23 19 255

Biome Mapping
[RAINFOREST]	49	67	21	255	39	54	17	255	25	34	11	255	20	27	8	255
[SWAMPLAND]	64	128	0	255	51	102	0	255	32	64	0	255	26	51	0	255
[SEASONAL_FOREST]	51	165	42	255	41	132	34	255	26	83	21	255	20	66	17	255
[FOREST]	0	128	64	255	0	102	51	255	0	64	32	255	0	51	26	255
[SAVANNA]	58	58	58	255	46	46	46	255	29	29	29	255	23	23	23	255
[SHRUBLAND]	170	158	24	255	136	126	19	255	85	79	12	255	68	63	10	255
[TAIGA]	204	255	102	255	163	204	82	255	102	128	51	255	82	102	41	255
[DESERT]	255	255	102	255	204	204	82	255	128	128	51	255	102	102	41	255
[PLAINS]	255	204	102	255	204	163	82	255	128	102	51	255	102	82	41	255
[ICE_DESERT]	26	33	103	255	21	26	82	255	13	17	52	255	10	13	41	255
[TUNDRA]	222	222	222	255	178	178	178	255	111	111	111	255	89	89	89	255
[HELL]	255	0	0	255	204	0	0	255	128	0	0	255	102	0	0	255
[SKY]	102	204	255	255	82	163	204	255	51	102	128	255	41	82	102	255
[OCEAN]	0	0	255	255	0	0	204	255	0	0	128	255	0	0	102	255
[RIVER]	0	128	255	255	0	102	204	255	0	64	128	255	0	51	102	255
[EXTREME_HILLS]	128	64	0	255	102	51	0	255	64	32	0	255	51	26	0	255
[FROZEN_OCEAN]	102	255	204	255	82	204	163	255	51	128	102	255	41	102	82	255
[FROZEN_RIVER]	102	102	255	255	82	82	204	255	51	51	128	255	41	41	102	255
[ICE_PLAINS]	102	255	255	255	82	204	204	255	51	128	128	255	41	102	102	255
[ICE_MOUNTAINS]	255	255	255	255	204	204	204	255	128	128	128	255	102	102	102	255
[MUSHROOM_ISLAND]	255	111	207	255	204	89	166	255	128	56	104	255	102	44	83	255
[MUSHROOM_SHORE]	255	0	128	255	204	0	102	255	128	0	64	255	102	0	51	255
[BEACH]	255	206	75	255	230	185	68	255	255	206	75	255	179	144	53	255
[DESERT_HILLS]	255	146	51	255	230	131	46	255	255	146	51	255	179	102	36	255
[FOREST_HILLS]	0	162	100	255	0	146	90	255	0	162	100	255	0	113	70	255
[TAIGA_HILLS]	178	212	117	255	160	191	105	255	178	212	117	255	125	148	82	255
[SMALL_MOUNTAINS]	184	103	33	255	166	93	30	255	184	103	33	255	129	72	23	255
[JUNGLE]	49	67	21	255	39	54	17	255	25	34	11	255	20	27	8	255
[JUNGLE_HILLS]	33	44	14	255	26	36	12	255	16	22	7	255	13	18	6	255
Rainfall/Temperature Mapping
[RAINFALL-0.0]	120	120	120	255	96	96	96	255	60	60	60	255	48	48	48	255
[RAINFALL-1.0]	38	92	255	255	30	73	204	255	19	46	127	255	15	36	102	255
[TEMPERATURE-0.0]	38	92	255	255	30	73	204	255	19	46	127	255	15	36	102	255
[TEMPERATURE-0.5]	91	121	185	255	73	96	147	255	46	61	92	255	36	48	73	255
[TEMPERATURE-0.8]	51	165	42	255	41	131	33	255	26	82	21	255	20	65	17	255
[TEMPERATURE-0.9]	170	158	24	255	135	126	19	255	85	79	12	255	67	62	10	255
[TEMPERATURE-0.95]	204	111	48	255	162	89	38	255	102	56	24	255	81	44	19	255
[TEMPERATURE-1.0]	143	39	36	255	114	31	28	255	71	20	18	255	57	16	14	255
