1 94 100 92 255 75 80 73 255 47 50 46 255 37 40 36 255
1:1 74 58 51 255 59 46 40 255 37 29 25 255 29 23 20 255
1:2 74 57 47 255 59 45 37 255 37 28 23 255 29 22 18 255
1:3 159 154 134 255 127 123 107 255 79 77 67 255 63 61 53 255
1:4 169 164 146 255 135 131 116 255 84 82 73 255 67 65 58 255
1:5 68 70 60 255 54 56 48 255 34 35 30 255 27 28 24 255
1:6 65 68 57 255 52 54 45 255 32 34 28 255 26 27 22 255
2 63 90 45 255 50 72 36 255 31 45 22 255 25 36 18 255
3 65 53 44 255 52 42 35 255 32 26 22 255 26 21 17 255
3:2 83 63 37 255 66 50 29 255 41 31 18 255 33 25 14 255
4 84 92 79 255 67 73 63 255 42 46 39 255 33 36 31 255
5 53 51 38 255 42 40 30 255 26 25 19 255 21 20 15 255
5:1 48 41 36 255 38 32 28 255 24 20 18 255 19 16 14 255
5:2 115 108 87 255 92 86 69 255 57 54 43 255 46 43 34 255
5:3 49 48 33 255 39 38 26 255 24 24 16 255 19 19 13 255
5:4 67 42 37 255 53 33 29 255 33 21 18 255 26 16 14 255
5:5 42 39 32 255 33 31 25 255 21 19 16 255 16 15 12 255
6 44 49 33 114 35 39 26 114 22 24 16 114 17 19 13 114
6:1 36 44 27 63 28 35 21 63 18 22 13 63 14 17 10 63
6:2 79 86 51 91 63 68 40 91 39 43 25 91 31 34 20 91
6:3 34 61 13 81 27 48 10 81 17 30 6 81 13 24 5 81
6:4 71 71 52 82 56 56 41 82 35 35 26 82 28 28 20 82
6:5 38 41 30 121 30 32 24 121 19 20 15 121 15 16 12 121
6:9 36 44 27 63 28 35 21 63 18 22 13 63 14 17 10 63
6:10 79 86 51 91 63 68 40 91 39 43 25 91 31 34 20 91
6:11 34 61 13 81 27 48 10 81 17 30 6 81 13 24 5 81
6:12 71 71 52 82 56 56 41 82 35 35 26 82 28 28 20 82
6:13 38 41 30 121 30 32 24 121 19 20 15 121 15 16 12 121
7 38 37 36 255 30 29 28 255 19 18 18 255 15 14 14 255
8 66 119 101 141 52 95 80 141 33 59 50 141 26 47 40 141
9 64 119 103 144 51 95 82 144 32 59 51 144 25 47 41 144
9:1 66 119 101 141 52 95 80 141 33 59 50 141 26 47 40 141
9:2 66 119 101 141 52 95 80 141 33 59 50 141 26 47 40 141
9:3 66 119 101 141 52 95 80 141 33 59 50 141 26 47 40 141
9:4 66 119 101 141 52 95 80 141 33 59 50 141 26 47 40 141
9:5 66 119 101 141 52 95 80 141 33 59 50 141 26 47 40 141
9:6 66 119 101 141 52 95 80 141 33 59 50 141 26 47 40 141
9:7 66 119 101 141 52 95 80 141 33 59 50 141 26 47 40 141
10 127 24 10 255 101 19 8 255 63 12 5 255 50 9 4 255
11 125 24 10 255 100 19 8 255 62 12 5 255 50 9 4 255
12 124 116 91 255 99 92 72 255 62 58 45 255 49 46 36 255
12:1 121 88 68 255 96 70 54 255 60 44 34 255 48 35 27 255
13 55 53 44 255 44 42 35 255 27 26 22 255 22 21 17 255
14 108 103 83 255 86 82 66 255 54 51 41 255 43 41 33 255
15 95 93 84 255 76 74 67 255 47 46 42 255 38 37 33 255
16 71 75 70 255 56 60 56 255 35 37 35 255 28 30 28 255
17 118 113 94 255 94 90 75 255 59 56 47 255 47 45 37 255
17:4 52 53 45 255 41 42 36 255 26 26 22 255 20 21 18 255
17:5 41 38 35 255 32 30 28 255 20 19 17 255 16 15 14 255
17:6 152 148 143 255 121 118 114 255 76 74 71 255 60 59 57 255
17:7 36 33 18 255 28 26 14 255 18 16 9 255 14 13 7 255
17:8 52 53 45 255 41 42 36 255 26 26 22 255 20 21 18 255
17:9 41 38 35 255 32 30 28 255 20 19 17 255 16 15 14 255
17:10 152 148 143 255 121 118 114 255 76 74 71 255 60 59 57 255
17:11 36 33 18 255 28 26 14 255 18 16 9 255 14 13 7 255
17:12 52 53 45 255 41 42 36 255 26 26 22 255 20 21 18 255
17:13 41 38 35 255 32 30 28 255 20 19 17 255 16 15 14 255
17:14 152 148 143 255 121 118 114 255 76 74 71 255 60 59 57 255
17:15 36 33 18 255 28 26 14 255 18 16 9 255 14 13 7 255
18 24 40 14 214 19 32 11 214 12 20 7 214 9 16 5 214
18:1 40 53 29 229 32 42 23 229 20 26 14 229 16 21 11 229
18:2 53 70 35 214 42 56 28 214 26 35 17 214 21 28 14 214
18:3 22 37 13 167 17 29 10 167 11 18 6 167 8 14 5 167
18:5 40 53 29 229 32 42 23 229 20 26 14 229 16 21 11 229
18:6 53 70 35 214 42 56 28 214 26 35 17 214 21 28 14 214
18:7 22 37 13 167 17 29 10 167 11 18 6 167 8 14 5 167
18:9 40 53 29 229 32 42 23 229 20 26 14 229 16 21 11 229
18:10 53 70 35 214 42 56 28 214 26 35 17 214 21 28 14 214
18:11 22 37 13 167 17 29 10 167 11 18 6 167 8 14 5 167
18:13 40 53 29 229 32 42 23 229 20 26 14 229 16 21 11 229
18:14 53 70 35 214 42 56 28 214 26 35 17 214 21 28 14 214
18:15 22 37 13 167 17 29 10 167 11 18 6 167 8 14 5 167
19 183 155 93 255 146 124 74 255 91 77 46 255 73 62 37 255
19:1 158 130 82 255 126 104 65 255 79 65 41 255 63 52 32 255
20 52 55 46 96 41 44 36 96 26 27 23 96 20 22 18 96
21 79 91 102 255 63 72 81 255 39 45 51 255 31 36 40 255
22 47 59 89 255 37 47 71 255 23 29 44 255 18 23 35 255
23 88 94 81 255 70 75 64 255 44 47 40 255 35 37 32 255
23:1 88 95 83 255 70 76 66 255 44 47 41 255 35 38 33 255
23:9 88 95 83 255 70 76 66 255 44 47 41 255 35 38 33 255
24 108 100 78 255 86 80 62 255 54 50 39 255 43 40 31 255
25 62 66 57 255 49 52 45 255 31 33 28 255 24 26 22 255
26 50 53 43 255 40 42 34 255 25 26 21 255 20 21 17 255
26:8 128 123 112 255 102 98 89 255 64 61 56 255 51 49 44 255
26:9 128 123 112 255 102 98 89 255 64 61 56 255 51 49 44 255
26:10 128 123 112 255 102 98 89 255 64 61 56 255 51 49 44 255
26:11 128 123 112 255 102 98 89 255 64 61 56 255 51 49 44 255
27 75 67 46 211 60 53 36 211 37 33 23 211 30 26 18 211
27:8 79 67 47 211 63 53 37 211 39 33 23 211 31 26 18 211
27:9 79 67 47 211 63 53 37 211 39 33 23 211 31 26 18 211
27:10 79 67 47 211 63 53 37 211 39 33 23 211 31 26 18 211
27:11 79 67 47 211 63 53 37 211 39 33 23 211 31 26 18 211
27:12 79 67 47 211 63 53 37 211 39 33 23 211 31 26 18 211
27:13 79 67 47 211 63 53 37 211 39 33 23 211 31 26 18 211
28 77 77 62 232 61 61 49 232 38 38 31 232 30 30 24 232
29 85 92 82 255 68 73 65 255 42 46 41 255 34 36 32 255
29:1 61 65 38 255 48 52 30 255 30 32 19 255 24 26 15 255
29:2 81 87 76 255 64 69 60 255 40 43 38 255 32 34 30 255
29:3 81 87 76 255 64 69 60 255 40 43 38 255 32 34 30 255
29:4 81 87 76 255 64 69 60 255 40 43 38 255 32 34 30 255
29:5 81 87 76 255 64 69 60 255 40 43 38 255 32 34 30 255
29:9 79 86 76 255 63 68 60 255 39 43 38 255 31 34 30 255
29:10 86 93 82 207 68 74 65 207 43 46 41 207 34 37 32 207
29:11 86 93 82 207 68 74 65 207 43 46 41 207 34 37 32 207
29:12 86 93 82 207 68 74 65 207 43 46 41 207 34 37 32 207
29:13 86 93 82 207 68 74 65 207 43 46 41 207 34 37 32 207
30 191 193 197 76 152 154 157 76 95 96 98 76 76 77 78 76
31 65 62 43 122 52 49 34 122 32 31 21 122 26 24 17 122
31:1 64 91 46 72 51 72 36 72 32 45 23 72 25 36 18 72
31:2 42 60 30 23 33 48 24 23 21 30 15 23 16 24 12 23
32 65 62 43 122 52 49 34 122 32 31 21 122 26 24 17 122
33 85 92 82 255 68 73 65 255 42 46 41 255 34 36 32 255
33:1 61 61 48 255 48 48 38 255 30 30 24 255 24 24 19 255
33:2 81 87 76 255 64 69 60 255 40 43 38 255 32 34 30 255
33:3 81 87 76 255 64 69 60 255 40 43 38 255 32 34 30 255
33:4 81 87 76 255 64 69 60 255 40 43 38 255 32 34 30 255
33:5 81 87 76 255 64 69 60 255 40 43 38 255 32 34 30 255
33:9 79 86 76 255 63 68 60 255 39 43 38 255 31 34 30 255
33:10 86 93 82 207 68 74 65 207 43 46 41 207 34 37 32 207
33:11 86 93 82 207 68 74 65 207 43 46 41 207 34 37 32 207
33:12 86 93 82 207 68 74 65 207 43 46 41 207 34 37 32 207
33:13 86 93 82 207 68 74 65 207 43 46 41 207 34 37 32 207
34 79 86 76 255 63 68 60 255 39 43 38 255 31 34 30 255
34:1 61 61 48 255 48 48 38 255 30 30 24 255 24 24 19 255
34:2 64 64 50 111 51 51 40 111 32 32 25 111 25 25 20 111
34:3 64 64 50 111 51 51 40 111 32 32 25 111 25 25 20 111
34:4 64 64 50 111 51 51 40 111 32 32 25 111 25 25 20 111
34:5 64 64 50 111 51 51 40 111 32 32 25 111 25 25 20 111
34:9 61 65 38 255 48 52 30 255 30 32 19 255 24 26 15 255
34:10 64 64 50 111 51 51 40 111 32 32 25 111 25 25 20 111
34:11 64 64 50 111 51 51 40 111 32 32 25 111 25 25 20 111
34:12 64 64 50 111 51 51 40 111 32 32 25 111 25 25 20 111
34:13 64 64 50 111 51 51 40 111 32 32 25 111 25 25 20 111
35 187 181 172 255 149 144 137 255 93 90 86 255 74 72 68 255
35:1 184 98 81 255 147 78 64 255 92 49 40 255 73 39 32 255
35:2 129 78 131 255 103 62 104 255 64 39 65 255 51 31 52 255
35:3 104 113 141 255 83 90 112 255 52 56 70 255 41 45 56 255
35:4 173 136 77 255 138 108 61 255 86 68 38 255 69 54 30 255
35:5 82 135 65 255 65 108 52 255 41 67 32 255 32 54 26 255
35:6 174 134 133 255 139 107 106 255 87 67 66 255 69 53 53 255
35:7 38 36 34 255 30 28 27 255 19 18 17 255 15 14 13 255
35:8 84 84 76 255 67 67 60 255 42 42 38 255 33 33 30 255
35:9 38 61 61 255 30 48 48 255 19 30 30 255 15 24 24 255
35:10 66 47 84 255 52 37 67 255 33 23 42 255 26 18 33 255
35:11 42 49 75 255 33 39 60 255 21 24 37 255 16 19 30 255
35:12 52 36 30 255 41 28 24 255 26 18 15 255 20 14 12 255
35:13 41 60 29 255 32 48 23 255 20 30 14 255 16 24 11 255
35:14 90 43 42 255 72 34 33 255 45 21 21 255 36 17 16 255
35:15 21 19 18 255 16 15 14 255 10 9 9 255 8 7 7 255
37 92 87 49 19 73 69 39 19 46 43 24 19 36 34 19 19
38 70 43 39 22 56 34 31 22 35 21 19 22 28 17 15 22
38:1 61 79 88 63 48 63 70 63 30 39 44 63 24 31 35 63
38:2 97 88 97 72 77 70 77 72 48 44 48 72 38 35 38 72
38:3 64 69 56 69 51 55 44 69 32 34 28 69 25 27 22 69
38:4 68 49 37 84 54 39 29 84 34 24 18 84 27 19 14 84
38:5 81 67 40 84 64 53 32 84 40 33 20 84 32 26 16 84
38:6 108 110 87 84 86 88 69 84 54 55 43 84 43 44 34 84
38:7 99 85 72 84 79 68 57 84 49 42 36 84 39 34 28 84
38:8 165 165 150 56 132 132 120 56 82 82 75 56 66 66 60 56
39 74 67 55 43 59 53 44 43 37 33 27 43 29 26 22 43
40 70 70 72 35 56 56 57 35 35 35 36 35 28 28 28 35
41 155 135 95 255 124 108 76 255 77 67 47 255 62 54 38 255
42 81 86 73 255 64 68 58 255 40 43 36 255 32 34 29 255
43 115 127 111 255 92 101 88 255 57 63 55 255 46 50 44 255
43:1 108 100 78 255 86 80 62 255 54 50 39 255 43 40 31 255
43:2 53 51 38 255 42 40 30 255 26 25 19 255 21 20 15 255
43:3 84 92 79 255 67 73 63 255 42 46 39 255 33 36 31 255
43:4 95 82 69 255 76 65 55 255 47 41 34 255 38 32 27 255
43:5 79 88 77 255 63 70 61 255 39 44 38 255 31 35 30 255
43:6 51 27 33 255 40 21 26 255 25 13 16 255 20 10 13 255
43:7 190 185 172 255 152 148 137 255 95 92 86 255 76 74 68 255
43:9 108 100 78 255 86 80 62 255 54 50 39 255 43 40 31 255
43:10 53 51 38 255 42 40 30 255 26 25 19 255 21 20 15 255
43:11 84 92 79 255 67 73 63 255 42 46 39 255 33 36 31 255
43:12 95 82 69 255 76 65 55 255 47 41 34 255 38 32 27 255
43:13 79 88 77 255 63 70 61 255 39 44 38 255 31 35 30 255
43:14 51 27 33 255 40 21 26 255 25 13 16 255 20 10 13 255
43:15 190 185 172 255 152 148 137 255 95 92 86 255 76 74 68 255
44 115 127 111 255 92 101 88 255 57 63 55 255 46 50 44 255
44:1 108 100 78 255 86 80 62 255 54 50 39 255 43 40 31 255
44:2 53 51 38 255 42 40 30 255 26 25 19 255 21 20 15 255
44:3 84 92 79 255 67 73 63 255 42 46 39 255 33 36 31 255
44:4 95 82 69 255 76 65 55 255 47 41 34 255 38 32 27 255
44:5 79 88 77 255 63 70 61 255 39 44 38 255 31 35 30 255
44:6 51 27 33 255 40 21 26 255 25 13 16 255 20 10 13 255
44:7 190 185 172 255 152 148 137 255 95 92 86 255 76 74 68 255
44:9 108 100 78 255 86 80 62 255 54 50 39 255 43 40 31 255
44:10 53 51 38 255 42 40 30 255 26 25 19 255 21 20 15 255
44:11 84 92 79 255 67 73 63 255 42 46 39 255 33 36 31 255
44:12 95 82 69 255 76 65 55 255 47 41 34 255 38 32 27 255
44:13 79 88 77 255 63 70 61 255 39 44 38 255 31 35 30 255
44:14 51 27 33 255 40 21 26 255 25 13 16 255 20 10 13 255
44:15 190 185 172 255 152 148 137 255 95 92 86 255 76 74 68 255
45 95 82 69 255 76 65 55 255 47 41 34 255 38 32 27 255
46 68 46 43 255 54 36 34 255 34 23 21 255 27 18 17 255
47 53 51 38 255 42 40 30 255 26 25 19 255 21 20 15 255
48 77 85 68 255 61 68 54 255 38 42 34 255 30 34 27 255
49 39 37 40 255 31 29 32 255 19 18 20 255 15 14 16 255
50 111 95 61 48 88 76 48 48 55 47 30 48 44 38 24 48
51 239 149 41 168 191 119 32 168 119 74 20 168 95 59 16 168
52 48 48 42 204 38 38 33 204 24 24 21 204 19 19 16 204
53 53 51 38 255 42 40 30 255 26 25 19 255 21 20 15 255
54 58 67 52 197 46 53 41 197 29 33 26 197 23 26 20 197
54:4 56 67 51 210 44 53 40 210 28 33 25 210 22 26 20 210
54:5 56 67 51 210 44 53 40 210 28 33 25 210 22 26 20 210
54:6 56 67 51 210 44 53 40 210 28 33 25 210 22 26 20 210
54:7 56 67 51 210 44 53 40 210 28 33 25 210 22 26 20 210
54:8 56 66 50 210 44 52 40 210 28 33 25 210 22 26 20 210
54:9 56 66 50 210 44 52 40 210 28 33 25 210 22 26 20 210
54:10 56 66 50 210 44 52 40 210 28 33 25 210 22 26 20 210
54:11 56 66 50 210 44 52 40 210 28 33 25 210 22 26 20 210
55 194 197 201 50 155 157 160 50 97 98 100 50 77 78 80 50
56 93 114 111 255 74 91 88 255 46 57 55 255 37 45 44 255
57 109 130 132 255 87 104 105 255 54 65 66 255 43 52 52 255
58 130 128 114 255 104 102 91 255 65 64 57 255 52 51 45 255
59 46 60 31 29 36 48 24 29 23 30 15 29 18 24 12 29
59:1 45 59 30 39 36 47 24 39 22 29 15 39 18 23 12 39
59:2 45 59 30 50 36 47 24 50 22 29 15 50 18 23 12 50
59:3 44 58 30 60 35 46 24 60 22 29 15 60 17 23 12 60
59:4 60 71 38 82 48 56 30 82 30 35 19 82 24 28 15 82
59:5 75 82 45 109 60 65 36 109 37 41 22 109 30 32 18 109
59:6 90 89 52 123 72 71 41 123 45 44 26 123 36 35 20 123
59:7 112 101 75 134 89 80 60 134 56 50 37 134 44 40 30 134
59:8 112 101 75 134 89 80 60 134 56 50 37 134 44 40 30 134
59:9 112 101 75 134 89 80 60 134 56 50 37 134 44 40 30 134
59:10 112 101 75 134 89 80 60 134 56 50 37 134 44 40 30 134
59:11 112 101 75 134 89 80 60 134 56 50 37 134 44 40 30 134
59:12 112 101 75 134 89 80 60 134 56 50 37 134 44 40 30 134
59:13 112 101 75 134 89 80 60 134 56 50 37 134 44 40 30 134
59:14 112 101 75 134 89 80 60 134 56 50 37 134 44 40 30 134
59:15 112 101 75 134 89 80 60 134 56 50 37 134 44 40 30 134
60 75 69 49 255 60 55 39 255 37 34 24 255 30 27 19 255
60:1 59 55 39 255 47 44 31 255 29 27 19 255 23 22 15 255
60:2 59 55 39 255 47 44 31 255 29 27 19 255 23 22 15 255
60:3 59 55 39 255 47 44 31 255 29 27 19 255 23 22 15 255
60:4 59 55 39 255 47 44 31 255 29 27 19 255 23 22 15 255
60:5 59 55 39 255 47 44 31 255 29 27 19 255 23 22 15 255
60:6 59 55 39 255 47 44 31 255 29 27 19 255 23 22 15 255
60:7 59 55 39 255 47 44 31 255 29 27 19 255 23 22 15 255
60:8 59 55 39 255 47 44 31 255 29 27 19 255 23 22 15 255
60:9 59 55 39 255 47 44 31 255 29 27 19 255 23 22 15 255
60:10 59 55 39 255 47 44 31 255 29 27 19 255 23 22 15 255
60:11 59 55 39 255 47 44 31 255 29 27 19 255 23 22 15 255
60:12 59 55 39 255 47 44 31 255 29 27 19 255 23 22 15 255
60:13 59 55 39 255 47 44 31 255 29 27 19 255 23 22 15 255
60:14 59 55 39 255 47 44 31 255 29 27 19 255 23 22 15 255
60:15 59 55 39 255 47 44 31 255 29 27 19 255 23 22 15 255
61:2 88 94 81 255 70 75 64 255 44 47 40 255 35 37 32 255
61:3 88 94 81 255 70 75 64 255 44 47 40 255 35 37 32 255
61:4 88 94 81 255 70 75 64 255 44 47 40 255 35 37 32 255
61:5 88 94 81 255 70 75 64 255 44 47 40 255 35 37 32 255
62:2 88 94 81 255 70 75 64 255 44 47 40 255 35 37 32 255
62:3 88 94 81 255 70 75 64 255 44 47 40 255 35 37 32 255
62:4 88 94 81 255 70 75 64 255 44 47 40 255 35 37 32 255
62:5 88 94 81 255 70 75 64 255 44 47 40 255 35 37 32 255
63 71 65 50 10 56 52 40 10 35 32 25 10 28 26 20 10
64 68 71 59 226 54 56 47 226 34 35 29 226 27 28 23 226
65 38 40 34 111 30 32 27 111 19 20 17 111 15 16 13 111
66 62 63 51 208 49 50 40 208 31 31 25 208 24 25 20 208
66:6 65 67 55 99 52 53 44 99 32 33 27 99 26 26 22 99
66:7 65 67 55 99 52 53 44 99 32 33 27 99 26 26 22 99
66:8 65 67 55 99 52 53 44 99 32 33 27 99 26 26 22 99
66:9 65 67 55 99 52 53 44 99 32 33 27 99 26 26 22 99
67 84 92 79 255 67 73 63 255 42 46 39 255 33 36 31 255
68 71 65 50 10 56 52 40 10 35 32 25 10 28 26 20 10
69 84 92 79 255 67 73 63 255 42 46 39 255 33 36 31 255
70 94 100 92 255 75 80 73 255 47 50 46 255 37 40 36 255
71 79 85 72 238 63 68 57 238 39 42 36 238 31 34 28 238
72 53 51 38 255 42 40 30 255 26 25 19 255 21 20 15 255
73 99 73 69 255 79 58 55 255 49 36 34 255 39 29 27 255
74 99 73 69 255 79 58 55 255 49 36 34 255 39 29 27 255
75:1 77 71 62 35 61 56 49 35 38 35 31 35 30 28 24 35
75:2 77 71 62 35 61 56 49 35 38 35 31 35 30 28 24 35
75:3 77 71 62 35 61 56 49 35 38 35 31 35 30 28 24 35
75:4 77 71 62 35 61 56 49 35 38 35 31 35 30 28 24 35
75:5 77 71 62 35 61 56 49 35 38 35 31 35 30 28 24 35
76:1 86 73 64 35 68 58 51 35 43 36 32 35 34 29 25 35
76:2 86 73 64 35 68 58 51 35 43 36 32 35 34 29 25 35
76:3 86 73 64 35 68 58 51 35 43 36 32 35 34 29 25 35
76:4 86 73 64 35 68 58 51 35 43 36 32 35 34 29 25 35
76:5 86 73 64 35 68 58 51 35 43 36 32 35 34 29 25 35
77 94 100 92 255 75 80 73 255 47 50 46 255 37 40 36 255
78 211 218 216 255 168 174 172 255 105 109 108 255 84 87 86 255
79 161 185 191 179 128 148 152 179 80 92 95 179 64 74 76 179
80 211 218 216 255 168 174 172 255 105 109 108 255 84 87 86 255
81 80 84 50 195 64 67 40 195 40 42 25 195 32 33 20 195
82 108 107 104 255 86 85 83 255 54 53 52 255 43 42 41 255
83 91 84 62 175 72 67 49 175 45 42 31 175 36 33 24 175
84 63 63 59 255 50 50 47 255 31 31 29 255 25 25 23 255
85 53 51 38 255 42 40 30 255 26 25 19 255 21 20 15 255
86 136 88 62 255 108 70 49 255 68 44 31 255 54 35 24 255
87 119 71 65 255 95 56 52 255 59 35 32 255 47 28 26 255
88 75 65 55 255 60 52 44 255 37 32 27 255 30 26 22 255
89 127 156 88 255 101 124 70 255 63 78 44 255 50 62 35 255
90 91 0 160 167 72 0 128 167 45 0 80 167 36 0 64 167
91 136 88 62 255 108 70 49 255 68 44 31 255 54 35 24 255
92 186 180 181 195 148 144 144 195 93 90 90 195 74 72 72 195
93 105 111 98 255 84 88 78 255 52 55 49 255 42 44 39 255
94 110 112 99 255 88 89 79 255 55 56 49 255 44 44 39 255
95 134 132 125 212 107 105 100 212 67 66 62 212 53 52 50 212
95:1 140 89 73 212 112 71 58 212 70 44 36 212 56 35 29 212
95:2 109 77 113 212 87 61 90 212 54 38 56 212 43 30 45 212
95:3 92 99 113 212 73 79 90 212 46 49 56 212 36 39 45 212
95:4 129 110 67 212 103 88 53 212 64 55 33 212 51 44 26 212
95:5 75 108 60 212 60 86 48 212 37 54 30 212 30 43 24 212
95:6 135 113 109 212 108 90 87 212 67 56 54 212 54 45 43 212
95:7 48 48 42 212 38 38 33 212 24 24 21 212 19 19 16 212
95:8 80 81 73 212 64 64 58 212 40 40 36 212 32 32 29 212
95:9 49 67 65 212 39 53 52 212 24 33 32 212 19 26 26 212
95:10 68 56 81 212 54 44 64 212 34 28 40 212 27 22 32 212
95:11 52 58 73 212 41 46 58 212 26 29 36 212 20 23 29 212
95:12 57 47 40 212 45 37 32 212 28 23 20 212 22 18 16 212
95:13 51 63 39 212 40 50 31 212 25 31 19 212 20 25 15 212
95:14 85 53 48 212 68 42 38 212 42 26 24 212 34 21 19 212
95:15 37 37 32 212 29 29 25 212 18 18 16 212 14 14 12 212
96 69 72 61 237 55 57 48 237 34 36 30 237 27 28 24 237
97 94 100 92 255 75 80 73 255 47 50 46 255 37 40 36 255
97:1 84 92 79 255 67 73 63 255 42 46 39 255 33 36 31 255
97:2 79 88 77 255 63 70 61 255 39 44 38 255 31 35 30 255
98 79 88 77 255 63 70 61 255 39 44 38 255 31 35 30 255
98:1 76 86 74 255 60 68 59 255 38 43 37 255 30 34 29 255
98:2 73 81 72 255 58 64 57 255 36 40 36 255 29 32 28 255
98:3 74 80 70 255 59 64 56 255 37 40 35 255 29 32 28 255
99 187 176 162 255 149 140 129 255 93 88 81 255 74 70 64 255
99:1 123 109 90 255 98 87 72 255 61 54 45 255 49 43 36 255
99:2 123 109 90 255 98 87 72 255 61 54 45 255 49 43 36 255
99:3 123 109 90 255 98 87 72 255 61 54 45 255 49 43 36 255
99:4 123 109 90 255 98 87 72 255 61 54 45 255 49 43 36 255
99:5 123 109 90 255 98 87 72 255 61 54 45 255 49 43 36 255
99:6 123 109 90 255 98 87 72 255 61 54 45 255 49 43 36 255
99:7 123 109 90 255 98 87 72 255 61 54 45 255 49 43 36 255
99:8 123 109 90 255 98 87 72 255 61 54 45 255 49 43 36 255
99:9 123 109 90 255 98 87 72 255 61 54 45 255 49 43 36 255
99:14 123 109 90 255 98 87 72 255 61 54 45 255 49 43 36 255
99:15 202 193 179 255 161 154 143 255 101 96 89 255 80 77 71 255
100 187 176 162 255 149 140 129 255 93 88 81 255 74 70 64 255
100:1 61 65 88 255 48 52 70 255 30 32 44 255 24 26 35 255
100:2 61 65 88 255 48 52 70 255 30 32 44 255 24 26 35 255
100:3 61 65 88 255 48 52 70 255 30 32 44 255 24 26 35 255
100:4 61 65 88 255 48 52 70 255 30 32 44 255 24 26 35 255
100:5 61 65 88 255 48 52 70 255 30 32 44 255 24 26 35 255
100:6 61 65 88 255 48 52 70 255 30 32 44 255 24 26 35 255
100:7 61 65 88 255 48 52 70 255 30 32 44 255 24 26 35 255
100:8 61 65 88 255 48 52 70 255 30 32 44 255 24 26 35 255
100:9 61 65 88 255 48 52 70 255 30 32 44 255 24 26 35 255
100:14 61 65 88 255 48 52 70 255 30 32 44 255 24 26 35 255
100:15 202 193 179 255 161 154 143 255 101 96 89 255 80 77 71 255
101 41 40 37 94 32 32 29 94 20 20 18 94 16 16 14 94
102 52 55 46 96 41 44 36 96 26 27 23 96 20 22 18 96
103 74 105 61 255 59 84 48 255 37 52 30 255 29 42 24 255
104 39 56 28 30 31 44 22 30 19 28 14 30 15 22 11 30
105 39 56 28 30 31 44 22 30 19 28 14 30 15 22 11 30
106 23 37 13 170 18 29 10 170 11 18 6 170 9 14 5 170
107 53 51 38 255 42 40 30 255 26 25 19 255 21 20 15 255
108 95 82 69 255 76 65 55 255 47 41 34 255 38 32 27 255
109 79 88 77 255 63 70 61 255 39 44 38 255 31 35 30 255
110 80 62 73 255 64 49 58 255 40 31 36 255 32 24 29 255
111 17 71 26 157 13 56 20 157 8 35 13 157 6 28 10 157
112 51 27 33 255 40 21 26 255 25 13 16 255 20 10 13 255
113 51 27 33 255 40 21 26 255 25 13 16 255 20 10 13 255
114 51 27 33 255 40 21 26 255 25 13 16 255 20 10 13 255
115 87 25 34 38 69 20 27 38 43 12 17 38 34 10 13 38
115:1 82 23 30 73 65 18 24 73 41 11 15 73 32 9 12 73
115:2 82 23 30 73 65 18 24 73 41 11 15 73 32 9 12 73
115:3 83 25 32 160 66 20 25 160 41 12 16 160 33 10 12 160
115:4 83 25 32 160 66 20 25 160 41 12 16 160 33 10 12 160
115:5 83 25 32 160 66 20 25 160 41 12 16 160 33 10 12 160
115:6 83 25 32 160 66 20 25 160 41 12 16 160 33 10 12 160
115:7 83 25 32 160 66 20 25 160 41 12 16 160 33 10 12 160
116 54 56 47 255 43 44 37 255 27 28 23 255 21 22 18 255
117 80 84 63 121 64 67 50 121 40 42 31 121 32 33 25 121
118 79 83 74 111 63 66 59 111 39 41 37 111 31 33 29 111
119 39 37 40 255 31 29 32 255 19 18 20 255 15 14 16 255
120 52 57 46 255 41 45 36 255 26 28 23 255 20 22 18 255
120:4 68 76 62 95 54 60 49 95 34 38 31 95 27 30 24 95
120:5 68 76 62 95 54 60 49 95 34 38 31 95 27 30 24 95
120:6 68 76 62 95 54 60 49 95 34 38 31 95 27 30 24 95
120:7 68 76 62 95 54 60 49 95 34 38 31 95 27 30 24 95
121 169 167 150 255 135 133 120 255 84 83 75 255 67 66 60 255
122 37 37 41 255 29 29 32 255 18 18 20 255 14 14 16 255
123 42 47 40 255 33 37 32 255 21 23 20 255 16 18 16 255
124 92 119 78 255 73 95 62 255 46 59 39 255 36 47 31 255
125 53 51 38 255 42 40 30 255 26 25 19 255 21 20 15 255
125:1 48 41 36 255 38 32 28 255 24 20 18 255 19 16 14 255
125:2 115 108 87 255 92 86 69 255 57 54 43 255 46 43 34 255
125:3 49 48 33 255 39 38 26 255 24 24 16 255 19 19 13 255
125:4 67 42 37 255 53 33 29 255 33 21 18 255 26 16 14 255
125:5 42 39 32 255 33 31 25 255 21 19 16 255 16 15 12 255
125:9 48 41 36 255 38 32 28 255 24 20 18 255 19 16 14 255
125:10 115 108 87 255 92 86 69 255 57 54 43 255 46 43 34 255
125:11 49 48 33 255 39 38 26 255 24 24 16 255 19 19 13 255
125:12 67 42 37 255 53 33 29 255 33 21 18 255 26 16 14 255
125:13 42 39 32 255 33 31 25 255 21 19 16 255 16 15 12 255
126 53 51 38 255 42 40 30 255 26 25 19 255 21 20 15 255
126:1 48 41 36 255 38 32 28 255 24 20 18 255 19 16 14 255
126:2 115 108 87 255 92 86 69 255 57 54 43 255 46 43 34 255
126:3 49 48 33 255 39 38 26 255 24 24 16 255 19 19 13 255
126:4 67 42 37 255 53 33 29 255 33 21 18 255 26 16 14 255
126:5 42 39 32 255 33 31 25 255 21 19 16 255 16 15 12 255
126:9 48 41 36 255 38 32 28 255 24 20 18 255 19 16 14 255
126:10 115 108 87 255 92 86 69 255 57 54 43 255 46 43 34 255
126:11 49 48 33 255 39 38 26 255 24 24 16 255 19 19 13 255
126:12 67 42 37 255 53 33 29 255 33 21 18 255 26 16 14 255
126:13 42 39 32 255 33 31 25 255 21 19 16 255 16 15 12 255
127 126 103 19 131 100 82 15 131 63 51 9 131 50 41 7 131
128 100 94 74 255 80 75 59 255 50 47 37 255 40 37 29 255
129 86 108 89 255 68 86 71 255 43 54 44 255 34 43 35 255
130:2 30 35 31 197 24 28 24 197 15 17 15 197 12 14 12 197
130:3 30 35 31 197 24 28 24 197 15 17 15 197 12 14 12 197
130:4 30 35 31 197 24 28 24 197 15 17 15 197 12 14 12 197
130:5 30 35 31 197 24 28 24 197 15 17 15 197 12 14 12 197
131 84 92 79 255 67 73 63 255 42 46 39 255 33 36 31 255
133 65 123 81 255 52 98 64 255 32 61 40 255 26 49 32 255
134 48 41 36 255 38 32 28 255 24 20 18 255 19 16 14 255
135 115 108 87 255 92 86 69 255 57 54 43 255 46 43 34 255
136 49 48 33 255 39 38 26 255 24 24 16 255 19 19 13 255
137 69 68 51 255 55 54 40 255 34 34 25 255 27 27 20 255
138 52 55 46 96 41 44 36 96 26 27 23 96 20 22 18 96
139 84 92 79 255 67 73 63 255 42 46 39 255 33 36 31 255
139:1 77 85 68 255 61 68 54 255 38 42 34 255 30 34 27 255
140 143 91 60 49 114 72 48 49 71 45 30 49 57 36 24 49
141 53 73 37 12 42 58 29 12 26 36 18 12 21 29 14 12
141:2 56 77 39 35 44 61 31 35 28 38 19 35 22 30 15 35
141:3 56 77 39 35 44 61 31 35 28 38 19 35 22 30 15 35
141:4 51 71 37 53 40 56 29 53 25 35 18 53 20 28 14 53
141:5 51 71 37 53 40 56 29 53 25 35 18 53 20 28 14 53
141:6 51 71 37 53 40 56 29 53 25 35 18 53 20 28 14 53
141:7 53 72 37 104 42 57 29 104 26 36 18 104 21 28 14 104
142 53 73 37 12 42 58 29 12 26 36 18 12 21 29 14 12
142:2 56 77 39 35 44 61 31 35 28 38 19 35 22 30 15 35
142:3 56 77 39 35 44 61 31 35 28 38 19 35 22 30 15 35
142:4 51 71 37 53 40 56 29 53 25 35 18 53 20 28 14 53
142:5 51 71 37 53 40 56 29 53 25 35 18 53 20 28 14 53
142:6 51 71 37 53 40 56 29 53 25 35 18 53 20 28 14 53
142:7 45 66 33 114 36 52 26 114 22 33 16 114 18 26 13 114
143 53 51 38 255 42 40 30 255 26 25 19 255 21 20 15 255
145 23 23 23 255 18 18 18 255 11 11 11 255 9 9 9 255
146 58 67 52 197 46 53 41 197 29 33 26 197 23 26 20 197
146:4 56 67 51 210 44 53 40 210 28 33 25 210 22 26 20 210
146:5 56 67 51 210 44 53 40 210 28 33 25 210 22 26 20 210
146:6 56 67 51 210 44 53 40 210 28 33 25 210 22 26 20 210
146:7 56 67 51 210 44 53 40 210 28 33 25 210 22 26 20 210
146:8 56 66 50 210 44 52 40 210 28 33 25 210 22 26 20 210
146:9 56 66 50 210 44 52 40 210 28 33 25 210 22 26 20 210
146:10 56 66 50 210 44 52 40 210 28 33 25 210 22 26 20 210
146:11 56 66 50 210 44 52 40 210 28 33 25 210 22 26 20 210
147 155 135 95 255 124 108 76 255 77 67 47 255 62 54 38 255
148 81 86 73 255 64 68 58 255 40 43 36 255 32 34 29 255
149 107 111 98 255 85 88 78 255 53 55 49 255 42 44 39 255
150 111 111 98 255 88 88 78 255 55 55 49 255 44 44 39 255
151 69 93 78 255 55 74 62 255 34 46 39 255 27 37 31 255
152 84 75 67 255 67 60 53 255 42 37 33 255 33 30 26 255
153 138 98 86 255 110 78 68 255 69 49 43 255 55 39 34 255
154 43 43 43 255 34 34 34 255 21 21 21 255 17 17 17 255
155 190 185 172 255 152 148 137 255 95 92 86 255 76 74 68 255
155:1 180 173 159 255 144 138 127 255 90 86 79 255 72 69 63 255
155:2 186 183 169 255 148 146 135 255 93 91 84 255 74 73 67 255
155:3 175 167 149 255 140 133 119 255 87 83 74 255 70 66 59 255
155:4 175 167 149 255 140 133 119 255 87 83 74 255 70 66 59 255
156 190 185 172 255 152 148 137 255 95 92 86 255 76 74 68 255
157 65 64 53 211 52 51 42 211 32 32 26 211 26 25 21 211
157:8 69 65 53 211 55 52 42 211 34 32 26 211 27 26 21 211
157:9 69 65 53 211 55 52 42 211 34 32 26 211 27 26 21 211
157:10 69 65 53 211 55 52 42 211 34 32 26 211 27 26 21 211
157:11 69 65 53 211 55 52 42 211 34 32 26 211 27 26 21 211
157:12 69 65 53 211 55 52 42 211 34 32 26 211 27 26 21 211
157:13 69 65 53 211 55 52 42 211 34 32 26 211 27 26 21 211
158 88 94 81 255 70 75 64 255 44 47 40 255 35 37 32 255
158:1 88 95 83 255 70 76 66 255 44 47 41 255 35 38 33 255
159 158 139 131 255 126 111 104 255 79 69 65 255 63 55 52 255
159:1 108 58 34 255 86 46 27 255 54 29 17 255 43 23 13 255
159:2 102 59 81 255 81 47 64 255 51 29 40 255 40 23 32 255
159:3 78 78 96 255 62 62 76 255 39 39 48 255 31 31 38 255
159:4 114 85 32 255 91 68 25 255 57 42 16 255 45 34 12 255
159:5 68 78 46 255 54 62 36 255 34 39 23 255 27 31 18 255
159:6 114 72 73 255 91 57 58 255 57 36 36 255 45 28 29 255
159:7 44 34 31 255 35 27 24 255 22 17 15 255 17 13 12 255
159:8 83 64 60 255 66 51 48 255 41 32 30 255 33 25 24 255
159:9 46 69 69 255 36 55 55 255 23 34 34 255 18 27 27 255
159:10 68 53 82 255 54 42 65 255 34 26 41 255 27 21 32 255
159:11 49 50 72 255 39 40 57 255 24 25 36 255 19 20 28 255
159:12 46 37 30 255 36 29 24 255 23 18 15 255 18 14 12 255
159:13 44 58 33 255 35 46 26 255 22 29 16 255 17 23 13 255
159:14 96 45 37 255 76 36 29 255 48 22 18 255 38 18 14 255
159:15 35 28 24 255 28 22 19 255 17 14 12 255 14 11 9 255
160 134 132 125 212 107 105 100 212 67 66 62 212 53 52 50 212
160:1 140 89 73 212 112 71 58 212 70 44 36 212 56 35 29 212
160:2 109 77 113 212 87 61 90 212 54 38 56 212 43 30 45 212
160:3 92 99 113 212 73 79 90 212 46 49 56 212 36 39 45 212
160:4 129 110 67 212 103 88 53 212 64 55 33 212 51 44 26 212
160:5 75 108 60 212 60 86 48 212 37 54 30 212 30 43 24 212
160:6 135 113 109 212 108 90 87 212 67 56 54 212 54 45 43 212
160:7 48 48 42 212 38 38 33 212 24 24 21 212 19 19 16 212
160:8 80 81 73 212 64 64 58 212 40 40 36 212 32 32 29 212
160:9 49 67 65 212 39 53 52 212 24 33 32 212 19 26 26 212
160:10 68 56 81 212 54 44 64 212 34 28 40 212 27 22 32 212
160:11 52 58 73 212 41 46 58 212 26 29 36 212 20 23 29 212
160:12 57 47 40 212 45 37 32 212 28 23 20 212 22 18 16 212
160:13 51 63 39 212 40 50 31 212 25 31 19 212 20 25 15 212
160:14 85 53 48 212 68 42 38 212 42 26 24 212 34 21 19 212
160:15 37 37 32 212 29 29 25 212 18 18 16 212 14 14 12 212
161 39 64 22 228 31 51 17 228 19 32 11 228 15 25 8 228
161:1 24 40 14 214 19 32 11 214 12 20 7 214 9 16 5 214
161:5 24 40 14 214 19 32 11 214 12 20 7 214 9 16 5 214
161:9 24 40 14 214 19 32 11 214 12 20 7 214 9 16 5 214
161:13 24 40 14 214 19 32 11 214 12 20 7 214 9 16 5 214
162 89 59 51 255 71 47 40 255 44 29 25 255 35 23 20 255
162:1 118 113 94 255 94 90 75 255 59 56 47 255 47 45 37 255
162:4 78 71 60 255 62 56 48 255 39 35 30 255 31 28 24 255
162:5 41 38 35 255 32 30 28 255 20 19 17 255 16 15 14 255
162:8 78 71 60 255 62 56 48 255 39 35 30 255 31 28 24 255
162:9 41 38 35 255 32 30 28 255 20 19 17 255 16 15 14 255
162:12 78 71 60 255 62 56 48 255 39 35 30 255 31 28 24 255
162:13 41 38 35 255 32 30 28 255 20 19 17 255 16 15 14 255
163 67 42 37 255 53 33 29 255 33 21 18 255 26 16 14 255
164 42 39 32 255 33 31 25 255 21 19 16 255 16 15 12 255
165 211 225 129 150 168 180 103 150 105 112 64 150 84 90 51 150
167 78 83 71 228 62 66 56 228 39 41 35 228 31 33 28 228
168 51 59 47 255 40 47 37 255 25 29 23 255 20 23 18 255
168:1 76 80 71 255 60 64 56 255 38 40 35 255 30 32 28 255
168:2 79 83 73 255 63 66 58 255 39 41 36 255 31 33 29 255
169 87 86 71 255 69 68 56 255 43 43 35 255 34 34 28 255
170 197 166 113 255 157 132 90 255 98 83 56 255 78 66 45 255
171 187 181 172 255 149 144 137 255 93 90 86 255 74 72 68 255
171:1 184 98 81 255 147 78 64 255 92 49 40 255 73 39 32 255
171:2 129 78 131 255 103 62 104 255 64 39 65 255 51 31 52 255
171:3 104 113 141 255 83 90 112 255 52 56 70 255 41 45 56 255
171:4 173 136 77 255 138 108 61 255 86 68 38 255 69 54 30 255
171:5 82 135 65 255 65 108 52 255 41 67 32 255 32 54 26 255
171:6 174 134 133 255 139 107 106 255 87 67 66 255 69 53 53 255
171:7 38 36 34 255 30 28 27 255 19 18 17 255 15 14 13 255
171:8 84 84 76 255 67 67 60 255 42 42 38 255 33 33 30 255
171:9 38 61 61 255 30 48 48 255 19 30 30 255 15 24 24 255
171:10 66 47 84 255 52 37 67 255 33 23 42 255 26 18 33 255
171:11 42 49 75 255 33 39 60 255 21 24 37 255 16 19 30 255
171:12 52 36 30 255 41 28 24 255 26 18 15 255 20 14 12 255
171:13 41 60 29 255 32 48 23 255 20 30 14 255 16 24 11 255
171:14 90 43 42 255 72 34 33 255 45 21 21 255 36 17 16 255
171:15 21 19 18 255 16 15 14 255 10 9 9 255 8 7 7 255
172 93 68 53 255 74 54 42 255 46 34 26 255 37 27 21 255
173 41 45 43 255 32 36 34 255 20 22 21 255 16 18 17 255
174 150 171 170 255 120 136 136 255 75 85 85 255 60 68 68 255
175 54 45 33 183 43 36 26 183 27 22 16 183 21 18 13 183
175:8 65 47 38 85 52 37 30 85 32 23 19 85 26 18 15 85
175:9 65 47 38 85 52 37 30 85 32 23 19 85 26 18 15 85
175:10 65 47 38 85 52 37 30 85 32 23 19 85 26 18 15 85
175:11 65 47 38 85 52 37 30 85 32 23 19 85 26 18 15 85
175:12 65 47 38 85 52 37 30 85 32 23 19 85 26 18 15 85
175:13 65 47 38 85 52 37 30 85 32 23 19 85 26 18 15 85
175:14 65 47 38 85 52 37 30 85 32 23 19 85 26 18 15 85
175:15 65 47 38 85 52 37 30 85 32 23 19 85 26 18 15 85
178 68 71 62 255 54 56 49 255 34 35 31 255 27 28 24 255
179 91 66 58 255 72 52 46 255 45 33 29 255 36 26 23 255
180 85 61 54 255 68 48 43 255 42 30 27 255 34 24 21 255
181 91 66 58 255 72 52 46 255 45 33 29 255 36 26 23 255
182 91 66 58 255 72 52 46 255 45 33 29 255 36 26 23 255
183 48 41 36 255 38 32 28 255 24 20 18 255 19 16 14 255
184 115 108 87 255 92 86 69 255 57 54 43 255 46 43 34 255
185 49 48 33 255 39 38 26 255 24 24 16 255 19 19 13 255
186 42 39 32 255 33 31 25 255 21 19 16 255 16 15 12 255
187 67 42 37 255 53 33 29 255 33 21 18 255 26 16 14 255
188 48 41 36 255 38 32 28 255 24 20 18 255 19 16 14 255
189 115 108 87 255 92 86 69 255 57 54 43 255 46 43 34 255
190 49 48 33 255 39 38 26 255 24 24 16 255 19 19 13 255
191 42 39 32 255 33 31 25 255 21 19 16 255 16 15 12 255
192 67 42 37 255 53 33 29 255 33 21 18 255 26 16 14 255
193 62 59 53 255 49 47 42 255 31 29 26 255 24 23 21 255
194 112 112 99 255 89 89 79 255 56 56 49 255 44 44 39 255
195 52 51 38 236 41 40 30 236 26 25 19 236 20 20 15 236
196 58 39 35 184 46 31 28 184 29 19 17 184 23 15 14 184
197 50 49 42 255 40 39 33 255 25 24 21 255 20 19 16 255

Biome Mapping
[RAINFOREST]	49	67	21	255	39	54	17	255	25	34	11	255	20	27	8	255
[SWAMPLAND]	64	128	0	255	51	102	0	255	32	64	0	255	26	51	0	255
[SEASONAL_FOREST]	51	165	42	255	41	132	34	255	26	83	21	255	20	66	17	255
[FOREST]	0	128	64	255	0	102	51	255	0	64	32	255	0	51	26	255
[SAVANNA]	58	58	58	255	46	46	46	255	29	29	29	255	23	23	23	255
[SHRUBLAND]	170	158	24	255	136	126	19	255	85	79	12	255	68	63	10	255
[TAIGA]	204	255	102	255	163	204	82	255	102	128	51	255	82	102	41	255
[DESERT]	255	255	102	255	204	204	82	255	128	128	51	255	102	102	41	255
[PLAINS]	255	204	102	255	204	163	82	255	128	102	51	255	102	82	41	255
[ICE_DESERT]	26	33	103	255	21	26	82	255	13	17	52	255	10	13	41	255
[TUNDRA]	222	222	222	255	178	178	178	255	111	111	111	255	89	89	89	255
[HELL]	255	0	0	255	204	0	0	255	128	0	0	255	102	0	0	255
[SKY]	102	204	255	255	82	163	204	255	51	102	128	255	41	82	102	255
[OCEAN]	0	0	255	255	0	0	204	255	0	0	128	255	0	0	102	255
[RIVER]	0	128	255	255	0	102	204	255	0	64	128	255	0	51	102	255
[EXTREME_HILLS]	128	64	0	255	102	51	0	255	64	32	0	255	51	26	0	255
[FROZEN_OCEAN]	102	255	204	255	82	204	163	255	51	128	102	255	41	102	82	255
[FROZEN_RIVER]	102	102	255	255	82	82	204	255	51	51	128	255	41	41	102	255
[ICE_PLAINS]	102	255	255	255	82	204	204	255	51	128	128	255	41	102	102	255
[ICE_MOUNTAINS]	255	255	255	255	204	204	204	255	128	128	128	255	102	102	102	255
[MUSHROOM_ISLAND]	255	111	207	255	204	89	166	255	128	56	104	255	102	44	83	255
[MUSHROOM_SHORE]	255	0	128	255	204	0	102	255	128	0	64	255	102	0	51	255
[BEACH]	255	206	75	255	230	185	68	255	255	206	75	255	179	144	53	255
[DESERT_HILLS]	255	146	51	255	230	131	46	255	255	146	51	255	179	102	36	255
[FOREST_HILLS]	0	162	100	255	0	146	90	255	0	162	100	255	0	113	70	255
[TAIGA_HILLS]	178	212	117	255	160	191	105	255	178	212	117	255	125	148	82	255
[SMALL_MOUNTAINS]	184	103	33	255	166	93	30	255	184	103	33	255	129	72	23	255
[JUNGLE]	49	67	21	255	39	54	17	255	25	34	11	255	20	27	8	255
[JUNGLE_HILLS]	33	44	14	255	26	36	12	255	16	22	7	255	13	18	6	255
Rainfall/Temperature Mapping
[RAINFALL-0.0]	120	120	120	255	96	96	96	255	60	60	60	255	48	48	48	255
[RAINFALL-1.0]	38	92	255	255	30	73	204	255	19	46	127	255	15	36	102	255
[TEMPERATURE-0.0]	38	92	255	255	30	73	204	255	19	46	127	255	15	36	102	255
[TEMPERATURE-0.5]	91	121	185	255	73	96	147	255	46	61	92	255	36	48	73	255
[TEMPERATURE-0.8]	51	165	42	255	41	131	33	255	26	82	21	255	20	65	17	255
[TEMPERATURE-0.9]	170	158	24	255	135	126	19	255	85	79	12	255	67	62	10	255
[TEMPERATURE-0.95]	204	111	48	255	162	89	38	255	102	56	24	255	81	44	19	255
[TEMPERATURE-1.0]	143	39	36	255	114	31	28	255	71	20	18	255	57	16	14	255
