1 97 95 86 255 77 76 68 255 48 47 43 255 38 38 34 255
1:1 199 161 132 255 159 128 105 255 99 80 66 255 79 64 52 255
1:2 197 159 137 255 157 127 109 255 98 79 68 255 78 63 54 255
1:3 106 104 90 255 84 83 72 255 53 52 45 255 42 41 36 255
1:4 107 104 95 255 85 83 76 255 53 52 47 255 42 41 38 255
1:5 84 85 83 255 67 68 66 255 42 42 41 255 33 34 33 255
1:6 85 86 88 255 68 68 70 255 42 43 44 255 34 34 35 255
1:7 99 96 92 255 79 76 73 255 49 48 46 255 39 38 36 255
1:8 99 96 92 255 79 76 73 255 49 48 46 255 39 38 36 255
1:9 99 96 92 255 79 76 73 255 49 48 46 255 39 38 36 255
1:10 99 96 92 255 79 76 73 255 49 48 46 255 39 38 36 255
1:11 99 96 92 255 79 76 73 255 49 48 46 255 39 38 36 255
1:12 99 96 92 255 79 76 73 255 49 48 46 255 39 38 36 255
1:13 99 96 92 255 79 76 73 255 49 48 46 255 39 38 36 255
1:14 99 96 92 255 79 76 73 255 49 48 46 255 39 38 36 255
1:15 99 96 92 255 79 76 73 255 49 48 46 255 39 38 36 255
2 53 72 31 255 42 57 24 255 26 36 15 255 21 28 12 255
3 69 54 40 255 55 43 32 255 34 27 20 255 27 21 16 255
3:2 66 45 20 255 52 36 16 255 33 22 10 255 26 18 8 255
4 72 69 66 255 57 55 52 255 36 34 33 255 28 27 26 255
5 122 93 53 255 97 74 42 255 61 46 26 255 48 37 21 255
5:1 65 51 40 255 52 40 32 255 32 25 20 255 26 20 16 255
5:2 151 140 113 255 120 112 90 255 75 70 56 255 60 56 45 255
5:3 111 74 59 255 88 59 47 255 55 37 29 255 44 29 23 255
5:4 96 42 17 255 76 33 13 255 48 21 8 255 38 16 6 255
5:5 48 29 22 255 38 23 17 255 24 14 11 255 19 11 8 255
6 71 82 60 73 56 65 48 73 35 41 30 73 28 32 24 73
6:1 61 82 68 91 48 65 54 91 30 41 34 91 24 32 27 91
6:2 92 90 48 98 73 72 38 98 46 45 24 98 36 36 19 98
6:3 65 84 49 106 52 67 39 106 32 42 24 106 26 33 19 106
6:4 114 115 20 75 91 92 16 75 57 57 10 75 45 46 8 75
6:5 56 86 28 100 44 68 22 100 28 43 14 100 22 34 11 100
6:9 61 82 68 91 48 65 54 91 30 41 34 91 24 32 27 91
6:10 92 90 48 98 73 72 38 98 46 45 24 98 36 36 19 98
6:11 65 84 49 106 52 67 39 106 32 42 24 106 26 33 19 106
6:12 114 115 20 75 91 92 16 75 57 57 10 75 45 46 8 75
6:13 56 86 28 100 44 68 22 100 28 43 14 100 22 34 11 100
7 65 60 57 255 52 48 45 255 32 30 28 255 26 24 22 255
8 22 74 84 218 17 59 67 218 11 37 42 218 8 29 33 218
9 22 73 83 218 17 58 66 218 11 36 41 218 8 29 33 218
9:1 22 74 84 218 17 59 67 218 11 37 42 218 8 29 33 218
9:2 22 74 84 218 17 59 67 218 11 37 42 218 8 29 33 218
9:3 22 74 84 218 17 59 67 218 11 37 42 218 8 29 33 218
9:4 22 74 84 218 17 59 67 218 11 37 42 218 8 29 33 218
9:5 22 74 84 218 17 59 67 218 11 37 42 218 8 29 33 218
9:6 22 74 84 218 17 59 67 218 11 37 42 218 8 29 33 218
9:7 22 74 84 218 17 59 67 218 11 37 42 218 8 29 33 218
10 227 79 35 255 181 63 28 255 113 39 17 255 90 31 14 255
11 201 64 39 255 160 51 31 255 100 32 19 255 80 25 15 255
12 173 146 99 255 138 116 79 255 86 73 49 255 69 58 39 255
12:1 128 44 9 255 102 35 7 255 64 22 4 255 51 17 3 255
13 116 104 88 255 92 83 70 255 58 52 44 255 46 41 35 255
14 99 98 79 255 79 78 63 255 49 49 39 255 39 39 31 255
15 106 86 74 255 84 68 59 255 53 43 37 255 42 34 29 255
16 71 73 68 255 56 58 54 255 35 36 34 255 28 29 27 255
17 132 104 65 255 105 83 52 255 66 52 32 255 52 41 26 255
17:1 75 60 49 255 60 48 39 255 37 30 24 255 30 24 19 255
17:2 151 137 108 255 120 109 86 255 75 68 54 255 60 54 43 255
17:3 91 60 44 255 72 48 35 255 45 30 22 255 36 24 17 255
17:4 70 52 34 255 56 41 27 255 35 26 17 255 28 20 13 255
17:5 60 50 41 255 48 40 32 255 30 25 20 255 24 20 16 255
17:6 123 119 103 255 98 95 82 255 61 59 51 255 49 47 41 255
17:7 60 52 35 255 48 41 28 255 30 26 17 255 24 20 14 255
17:8 70 52 34 255 56 41 27 255 35 26 17 255 28 20 13 255
17:9 60 50 41 255 48 40 32 255 30 25 20 255 24 20 16 255
17:10 123 119 103 255 98 95 82 255 61 59 51 255 49 47 41 255
17:11 60 52 35 255 48 41 28 255 30 26 17 255 24 20 14 255
17:12 70 52 34 255 56 41 27 255 35 26 17 255 28 20 13 255
17:13 60 50 41 255 48 40 32 255 30 25 20 255 24 20 16 255
17:14 123 119 103 255 98 95 82 255 61 59 51 255 49 47 41 255
17:15 60 52 35 255 48 41 28 255 30 26 17 255 24 20 14 255
18 50 76 30 187 40 60 24 187 25 38 15 187 20 30 12 187
18:1 39 59 35 198 31 47 28 198 19 29 17 198 15 23 14 198
18:2 78 93 41 187 62 74 32 187 39 46 20 187 31 37 16 187
18:3 42 70 32 223 33 56 25 223 21 35 16 223 16 28 12 223
18:5 39 59 35 198 31 47 28 198 19 29 17 198 15 23 14 198
18:6 78 93 41 187 62 74 32 187 39 46 20 187 31 37 16 187
18:7 42 70 32 223 33 56 25 223 21 35 16 223 16 28 12 223
18:9 39 59 35 198 31 47 28 198 19 29 17 198 15 23 14 198
18:10 78 93 41 187 62 74 32 187 39 46 20 187 31 37 16 187
18:11 42 70 32 223 33 56 25 223 21 35 16 223 16 28 12 223
18:13 39 59 35 198 31 47 28 198 19 29 17 198 15 23 14 198
18:14 78 93 41 187 62 74 32 187 39 46 20 187 31 37 16 187
18:15 42 70 32 223 33 56 25 223 21 35 16 223 16 28 12 223
19 190 149 74 255 152 119 59 255 95 74 37 255 76 59 29 255
19:1 127 99 49 255 101 79 39 255 63 49 24 255 50 39 19 255
20 58 59 60 59 46 47 48 59 29 29 30 59 23 23 24 59
21 80 87 94 255 64 69 75 255 40 43 47 255 32 34 37 255
22 62 82 139 255 49 65 111 255 31 41 69 255 24 32 55 255
23 97 94 90 255 77 75 72 255 48 47 45 255 38 37 36 255
23:1 85 82 79 255 68 65 63 255 42 41 39 255 34 32 31 255
23:9 85 82 79 255 68 65 63 255 42 41 39 255 34 32 31 255
24 177 146 98 255 141 116 78 255 88 73 49 255 70 58 39 255
25 100 67 50 255 80 53 40 255 50 33 25 255 40 26 20 255
26 79 78 39 255 63 62 31 255 39 39 19 255 31 31 15 255
26:8 135 130 84 255 108 104 67 255 67 65 42 255 54 52 33 255
26:9 135 130 84 255 108 104 67 255 67 65 42 255 54 52 33 255
26:10 135 130 84 255 108 104 67 255 67 65 42 255 54 52 33 255
26:11 135 130 84 255 108 104 67 255 67 65 42 255 54 52 33 255
27 101 83 50 196 80 66 40 196 50 41 25 196 40 33 20 196
27:8 112 81 49 196 89 64 39 196 56 40 24 196 44 32 19 196
27:9 112 81 49 196 89 64 39 196 56 40 24 196 44 32 19 196
27:10 112 81 49 196 89 64 39 196 56 40 24 196 44 32 19 196
27:11 112 81 49 196 89 64 39 196 56 40 24 196 44 32 19 196
27:12 112 81 49 196 89 64 39 196 56 40 24 196 44 32 19 196
27:13 112 81 49 196 89 64 39 196 56 40 24 196 44 32 19 196
28 82 76 69 193 65 60 55 193 41 38 34 193 32 30 27 193
29 78 67 64 255 62 53 51 255 39 33 32 255 31 26 25 255
29:1 134 146 80 255 107 116 64 255 67 73 40 255 53 58 32 255
29:2 94 86 84 255 75 68 67 255 47 43 42 255 37 34 33 255
29:3 94 86 84 255 75 68 67 255 47 43 42 255 37 34 33 255
29:4 94 86 84 255 75 68 67 255 47 43 42 255 37 34 33 255
29:5 94 86 84 255 75 68 67 255 47 43 42 255 37 34 33 255
29:9 92 90 87 255 73 72 69 255 46 45 43 255 36 36 34 255
29:10 81 72 69 207 64 57 55 207 40 36 34 207 32 28 27 207
29:11 81 72 69 207 64 57 55 207 40 36 34 207 32 28 27 207
29:12 81 72 69 207 64 57 55 207 40 36 34 207 32 28 27 207
29:13 81 72 69 207 64 57 55 207 40 36 34 207 32 28 27 207
30 165 157 165 71 132 125 132 71 82 78 82 71 66 62 66 71
31 79 88 77 91 63 70 61 91 39 44 38 91 31 35 30 91
31:1 52 71 32 117 41 56 25 117 26 35 16 117 20 28 12 117
31:2 48 67 32 88 38 53 25 88 24 33 16 88 19 26 12 88
32 79 88 77 91 63 70 61 91 39 44 38 91 31 35 30 91
33 78 67 64 255 62 53 51 255 39 33 32 255 31 26 25 255
33:1 123 105 78 255 98 84 62 255 61 52 39 255 49 42 31 255
33:2 94 86 84 255 75 68 67 255 47 43 42 255 37 34 33 255
33:3 94 86 84 255 75 68 67 255 47 43 42 255 37 34 33 255
33:4 94 86 84 255 75 68 67 255 47 43 42 255 37 34 33 255
33:5 94 86 84 255 75 68 67 255 47 43 42 255 37 34 33 255
33:9 92 90 87 255 73 72 69 255 46 45 43 255 36 36 34 255
33:10 81 72 69 207 64 57 55 207 40 36 34 207 32 28 27 207
33:11 81 72 69 207 64 57 55 207 40 36 34 207 32 28 27 207
33:12 81 72 69 207 64 57 55 207 40 36 34 207 32 28 27 207
33:13 81 72 69 207 64 57 55 207 40 36 34 207 32 28 27 207
34 92 90 87 255 73 72 69 255 46 45 43 255 36 36 34 255
34:1 123 105 78 255 98 84 62 255 61 52 39 255 49 42 31 255
34:2 151 149 147 111 120 119 117 111 75 74 73 111 60 59 58 111
34:3 151 149 147 111 120 119 117 111 75 74 73 111 60 59 58 111
34:4 151 149 147 111 120 119 117 111 75 74 73 111 60 59 58 111
34:5 151 149 147 111 120 119 117 111 75 74 73 111 60 59 58 111
34:9 134 146 80 255 107 116 64 255 67 73 40 255 53 58 32 255
34:10 151 149 147 111 120 119 117 111 75 74 73 111 60 59 58 111
34:11 151 149 147 111 120 119 117 111 75 74 73 111 60 59 58 111
34:12 151 149 147 111 120 119 117 111 75 74 73 111 60 59 58 111
34:13 151 149 147 111 120 119 117 111 75 74 73 111 60 59 58 111
35 215 212 209 255 172 169 167 255 107 106 104 255 86 84 83 255
35:1 175 105 52 255 140 84 41 255 87 52 26 255 70 42 20 255
35:2 156 88 129 255 124 70 103 255 78 44 64 255 62 35 51 255
35:3 99 117 156 255 79 93 124 255 49 58 78 255 39 46 62 255
35:4 197 174 76 255 157 139 60 255 98 87 38 255 78 69 30 255
35:5 138 148 76 255 110 118 60 255 69 74 38 255 55 59 30 255
35:6 236 154 156 255 188 123 124 255 118 77 78 255 94 61 62 255
35:7 91 92 93 255 72 73 74 255 45 46 46 255 36 36 37 255
35:8 167 168 169 255 133 134 135 255 83 84 84 255 66 67 67 255
35:9 85 119 114 255 68 95 91 255 42 59 57 255 34 47 45 255
35:10 105 47 110 255 84 37 88 255 52 23 55 255 42 18 44 255
35:11 42 58 114 255 33 46 91 255 21 29 57 255 16 23 45 255
35:12 114 73 37 255 91 58 29 255 57 36 18 255 45 29 14 255
35:13 75 82 39 255 60 65 31 255 37 41 19 255 30 32 15 255
35:14 174 50 37 255 139 40 29 255 87 25 18 255 69 20 14 255
35:15 43 44 44 255 34 35 35 255 21 22 22 255 17 17 17 255
37 116 113 49 44 92 90 39 44 58 56 24 44 46 45 19 44
38 138 66 50 27 110 52 40 27 69 33 25 27 55 26 20 27
38:1 37 152 138 45 29 121 110 45 18 76 69 45 14 60 55 45
38:2 177 141 211 38 141 112 168 38 88 70 105 38 70 56 84 38
38:3 162 191 138 42 129 152 110 42 81 95 69 42 64 76 55 42
38:4 126 74 50 57 100 59 40 57 63 37 25 57 50 29 20 57
38:5 158 121 64 53 126 96 51 53 79 60 32 53 63 48 25 53
38:6 126 142 118 57 100 113 94 57 63 71 59 57 50 56 47 57
38:7 166 115 83 57 132 92 66 57 83 57 41 57 66 46 33 57
38:8 179 179 142 49 143 143 113 49 89 89 71 49 71 71 56 49
39 149 117 95 49 119 93 76 49 74 58 47 49 59 46 38 49
40 202 118 111 36 161 94 88 36 101 59 55 36 80 47 44 36
41 193 166 91 255 154 132 72 255 96 83 45 255 77 66 36 255
42 148 146 146 255 118 116 116 255 74 73 73 255 59 58 58 255
43 102 99 95 255 81 79 76 255 51 49 47 255 40 39 38 255
43:1 177 146 98 255 141 116 78 255 88 73 49 255 70 58 39 255
43:2 122 93 53 255 97 74 42 255 61 46 26 255 48 37 21 255
43:3 72 69 66 255 57 55 52 255 36 34 33 255 28 27 26 255
43:4 142 100 75 255 113 80 60 255 71 50 37 255 56 40 30 255
43:5 84 81 77 255 67 64 61 255 42 40 38 255 33 32 30 255
43:6 66 30 32 255 52 24 25 255 33 15 16 255 26 12 12 255
43:7 222 210 211 255 177 168 168 255 111 105 105 255 88 84 84 255
43:9 177 146 98 255 141 116 78 255 88 73 49 255 70 58 39 255
43:10 122 93 53 255 97 74 42 255 61 46 26 255 48 37 21 255
43:11 72 69 66 255 57 55 52 255 36 34 33 255 28 27 26 255
43:12 142 100 75 255 113 80 60 255 71 50 37 255 56 40 30 255
43:13 84 81 77 255 67 64 61 255 42 40 38 255 33 32 30 255
43:14 66 30 32 255 52 24 25 255 33 15 16 255 26 12 12 255
43:15 222 210 211 255 177 168 168 255 111 105 105 255 88 84 84 255
44 102 99 95 255 81 79 76 255 51 49 47 255 40 39 38 255
44:1 177 146 98 255 141 116 78 255 88 73 49 255 70 58 39 255
44:2 122 93 53 255 97 74 42 255 61 46 26 255 48 37 21 255
44:3 72 69 66 255 57 55 52 255 36 34 33 255 28 27 26 255
44:4 142 100 75 255 113 80 60 255 71 50 37 255 56 40 30 255
44:5 84 81 77 255 67 64 61 255 42 40 38 255 33 32 30 255
44:6 66 30 32 255 52 24 25 255 33 15 16 255 26 12 12 255
44:7 222 210 211 255 177 168 168 255 111 105 105 255 88 84 84 255
44:9 177 146 98 255 141 116 78 255 88 73 49 255 70 58 39 255
44:10 122 93 53 255 97 74 42 255 61 46 26 255 48 37 21 255
44:11 72 69 66 255 57 55 52 255 36 34 33 255 28 27 26 255
44:12 142 100 75 255 113 80 60 255 71 50 37 255 56 40 30 255
44:13 84 81 77 255 67 64 61 255 42 40 38 255 33 32 30 255
44:14 66 30 32 255 52 24 25 255 33 15 16 255 26 12 12 255
44:15 222 210 211 255 177 168 168 255 111 105 105 255 88 84 84 255
45 142 100 75 255 113 80 60 255 71 50 37 255 56 40 30 255
46 35 23 18 255 28 18 14 255 17 11 9 255 14 9 7 255
47 122 93 53 255 97 74 42 255 61 46 26 255 48 37 21 255
48 62 69 56 255 49 55 44 255 31 34 28 255 24 27 22 255
49 22 16 20 255 17 12 16 255 11 8 10 255 8 6 8 255
50 70 49 23 24 56 39 18 24 35 24 11 24 28 19 9 24
51 225 131 19 81 180 104 15 81 112 65 9 81 90 52 7 81
52 64 74 103 191 51 59 82 191 32 37 51 191 25 29 41 191
53 122 93 53 255 97 74 42 255 61 46 26 255 48 37 21 255
54 137 110 60 197 109 88 48 197 68 55 30 197 54 44 24 197
54:4 137 110 60 210 109 88 48 210 68 55 30 210 54 44 24 210
54:5 137 110 60 210 109 88 48 210 68 55 30 210 54 44 24 210
54:6 137 110 60 210 109 88 48 210 68 55 30 210 54 44 24 210
54:7 137 110 60 210 109 88 48 210 68 55 30 210 54 44 24 210
54:8 137 110 60 210 109 88 48 210 68 55 30 210 54 44 24 210
54:9 137 110 60 210 109 88 48 210 68 55 30 210 54 44 24 210
54:10 137 110 60 210 109 88 48 210 68 55 30 210 54 44 24 210
54:11 137 110 60 210 109 88 48 210 68 55 30 210 54 44 24 210
55 179 179 179 23 143 143 143 23 89 89 89 23 71 71 71 23
56 95 96 88 255 76 76 70 255 47 48 44 255 38 38 35 255
57 108 128 146 255 86 102 116 255 54 64 73 255 43 51 58 255
58 165 133 104 255 132 106 83 255 82 66 52 255 66 53 41 255
59 37 48 32 9 29 38 25 9 18 24 16 9 14 19 12 9
59:1 35 45 30 18 28 36 24 18 17 22 15 18 14 18 12 18
59:2 38 48 30 27 30 38 24 27 19 24 15 27 15 19 12 27
59:3 42 52 31 39 33 41 24 39 21 26 15 39 16 20 12 39
59:4 46 56 32 62 36 44 25 62 23 28 16 62 18 22 12 62
59:5 50 59 33 77 40 47 26 77 25 29 16 77 20 23 13 77
59:6 64 67 40 92 51 53 32 92 32 33 20 92 25 26 16 92
59:7 90 83 53 108 72 66 42 108 45 41 26 108 36 33 21 108
59:8 90 83 53 108 72 66 42 108 45 41 26 108 36 33 21 108
59:9 90 83 53 108 72 66 42 108 45 41 26 108 36 33 21 108
59:10 90 83 53 108 72 66 42 108 45 41 26 108 36 33 21 108
59:11 90 83 53 108 72 66 42 108 45 41 26 108 36 33 21 108
59:12 90 83 53 108 72 66 42 108 45 41 26 108 36 33 21 108
59:13 90 83 53 108 72 66 42 108 45 41 26 108 36 33 21 108
59:14 90 83 53 108 72 66 42 108 45 41 26 108 36 33 21 108
59:15 90 83 53 108 72 66 42 108 45 41 26 108 36 33 21 108
60 68 53 39 255 54 42 31 255 34 26 19 255 27 21 15 255
60:1 51 35 18 255 40 28 14 255 25 17 9 255 20 14 7 255
60:2 51 35 18 255 40 28 14 255 25 17 9 255 20 14 7 255
60:3 51 35 18 255 40 28 14 255 25 17 9 255 20 14 7 255
60:4 51 35 18 255 40 28 14 255 25 17 9 255 20 14 7 255
60:5 51 35 18 255 40 28 14 255 25 17 9 255 20 14 7 255
60:6 51 35 18 255 40 28 14 255 25 17 9 255 20 14 7 255
60:7 51 35 18 255 40 28 14 255 25 17 9 255 20 14 7 255
60:8 51 35 18 255 40 28 14 255 25 17 9 255 20 14 7 255
60:9 51 35 18 255 40 28 14 255 25 17 9 255 20 14 7 255
60:10 51 35 18 255 40 28 14 255 25 17 9 255 20 14 7 255
60:11 51 35 18 255 40 28 14 255 25 17 9 255 20 14 7 255
60:12 51 35 18 255 40 28 14 255 25 17 9 255 20 14 7 255
60:13 51 35 18 255 40 28 14 255 25 17 9 255 20 14 7 255
60:14 51 35 18 255 40 28 14 255 25 17 9 255 20 14 7 255
60:15 51 35 18 255 40 28 14 255 25 17 9 255 20 14 7 255
61:2 97 94 90 255 77 75 72 255 48 47 45 255 38 37 36 255
61:3 97 94 90 255 77 75 72 255 48 47 45 255 38 37 36 255
61:4 97 94 90 255 77 75 72 255 48 47 45 255 38 37 36 255
61:5 97 94 90 255 77 75 72 255 48 47 45 255 38 37 36 255
62:2 97 94 90 255 77 75 72 255 48 47 45 255 38 37 36 255
62:3 97 94 90 255 77 75 72 255 48 47 45 255 38 37 36 255
62:4 97 94 90 255 77 75 72 255 48 47 45 255 38 37 36 255
62:5 97 94 90 255 77 75 72 255 48 47 45 255 38 37 36 255
63 125 95 54 10 100 76 43 10 62 47 27 10 50 38 21 10
64 122 94 56 207 97 75 44 207 61 47 28 207 48 37 22 207
65 108 84 49 149 86 67 39 149 54 42 24 149 43 33 19 149
66 103 86 64 143 82 68 51 143 51 43 32 143 41 34 25 143
66:6 101 85 63 119 80 68 50 119 50 42 31 119 40 34 25 119
66:7 101 85 63 119 80 68 50 119 50 42 31 119 40 34 25 119
66:8 101 85 63 119 80 68 50 119 50 42 31 119 40 34 25 119
66:9 101 85 63 119 80 68 50 119 50 42 31 119 40 34 25 119
67 72 69 66 255 57 55 52 255 36 34 33 255 28 27 26 255
68 125 95 54 10 100 76 43 10 62 47 27 10 50 38 21 10
69 72 69 66 255 57 55 52 255 36 34 33 255 28 27 26 255
70 99 96 92 255 79 76 73 255 49 48 46 255 39 38 36 255
71 153 150 150 228 122 120 120 228 76 75 75 228 61 60 60 228
72 122 93 53 255 97 74 42 255 61 46 26 255 48 37 21 255
73 108 74 70 255 86 59 56 255 54 37 35 255 43 29 28 255
74 108 74 70 255 86 59 56 255 54 37 35 255 43 29 28 255
75:1 52 22 13 24 41 17 10 24 26 11 6 24 20 8 5 24
75:2 52 22 13 24 41 17 10 24 26 11 6 24 20 8 5 24
75:3 52 22 13 24 41 17 10 24 26 11 6 24 20 8 5 24
75:4 52 22 13 24 41 17 10 24 26 11 6 24 20 8 5 24
75:5 52 22 13 24 41 17 10 24 26 11 6 24 20 8 5 24
76:1 111 22 13 24 88 17 10 24 55 11 6 24 44 8 5 24
76:2 111 22 13 24 88 17 10 24 55 11 6 24 44 8 5 24
76:3 111 22 13 24 88 17 10 24 55 11 6 24 44 8 5 24
76:4 111 22 13 24 88 17 10 24 55 11 6 24 44 8 5 24
76:5 111 22 13 24 88 17 10 24 55 11 6 24 44 8 5 24
77 99 96 92 255 79 76 73 255 49 48 46 255 39 38 36 255
78 225 234 239 255 180 187 191 255 112 117 119 255 90 93 95 255
79 123 170 195 181 98 136 156 181 61 85 97 181 49 68 78 181
80 225 234 239 255 180 187 191 255 112 117 119 255 90 93 95 255
81 120 127 77 209 96 101 61 209 60 63 38 209 48 50 30 209
82 137 85 61 255 109 68 48 255 68 42 30 255 54 34 24 255
83 69 76 44 143 55 60 35 143 34 38 22 143 27 30 17 143
84 121 94 56 255 96 75 44 255 60 47 28 255 48 37 22 255
85 122 93 53 255 97 74 42 255 61 46 26 255 48 37 21 255
86 192 122 54 255 153 97 43 255 96 61 27 255 76 48 21 255
87 103 54 56 255 82 43 44 255 51 27 28 255 41 21 22 255
88 80 65 51 255 64 52 40 255 40 32 25 255 32 26 20 255
89 203 176 102 255 162 140 81 255 101 88 51 255 81 70 40 255
90 114 75 163 141 91 60 130 141 57 37 81 141 45 30 65 141
91 192 122 54 255 153 97 43 255 96 61 27 255 76 48 21 255
92 224 211 168 195 179 168 134 195 112 105 84 195 89 84 67 195
93 63 52 50 255 50 41 40 255 31 26 25 255 25 20 20 255
94 94 53 50 255 75 42 40 255 47 26 25 255 37 21 20 255
95 109 118 117 186 87 94 93 186 54 59 58 186 43 47 46 186
95:1 94 79 62 186 75 63 49 186 47 39 31 186 37 31 24 186
95:2 85 73 83 186 68 58 66 186 42 36 41 186 34 29 33 186
95:3 70 81 90 186 56 64 72 186 35 40 45 186 28 32 36 186
95:4 95 96 69 186 76 76 55 186 47 48 34 186 38 38 27 186
95:5 80 89 69 186 64 71 55 186 40 44 34 186 32 35 27 186
95:6 105 91 90 186 84 72 72 186 52 45 45 186 42 36 36 186
95:7 68 74 73 186 54 59 58 186 34 37 36 186 27 29 29 186
95:8 88 95 94 186 70 76 75 186 44 47 47 186 35 38 37 186
95:9 67 81 79 186 53 64 63 186 33 40 39 186 26 32 31 186
95:10 72 62 78 186 57 49 62 186 36 31 39 186 28 24 31 186
95:11 56 65 79 186 44 52 63 186 28 32 39 186 22 26 31 186
95:12 79 71 58 186 63 56 46 186 39 35 29 186 31 28 23 186
95:13 64 77 58 186 51 61 46 186 32 38 29 186 25 30 23 186
95:14 89 62 58 186 71 49 46 186 44 31 29 186 35 24 23 186
95:15 57 61 60 186 45 48 48 186 28 30 30 186 22 24 24 186
96 124 95 56 206 99 76 44 206 62 47 28 206 49 38 22 206
97 97 95 86 255 77 76 68 255 48 47 43 255 38 38 34 255
97:1 72 69 66 255 57 55 52 255 36 34 33 255 28 27 26 255
97:2 84 81 77 255 67 64 61 255 42 40 38 255 33 32 30 255
98 84 81 77 255 67 64 61 255 42 40 38 255 33 32 30 255
98:1 75 78 60 255 60 62 48 255 37 39 30 255 30 31 24 255
98:2 80 76 73 255 64 60 58 255 40 38 36 255 32 30 29 255
98:3 87 83 79 255 69 66 63 255 43 41 39 255 34 33 31 255
99 174 155 122 255 139 124 97 255 87 77 61 255 69 62 48 255
99:1 148 111 82 255 118 88 65 255 74 55 41 255 59 44 32 255
99:2 148 111 82 255 118 88 65 255 74 55 41 255 59 44 32 255
99:3 148 111 82 255 118 88 65 255 74 55 41 255 59 44 32 255
99:4 148 111 82 255 118 88 65 255 74 55 41 255 59 44 32 255
99:5 148 111 82 255 118 88 65 255 74 55 41 255 59 44 32 255
99:6 148 111 82 255 118 88 65 255 74 55 41 255 59 44 32 255
99:7 148 111 82 255 118 88 65 255 74 55 41 255 59 44 32 255
99:8 148 111 82 255 118 88 65 255 74 55 41 255 59 44 32 255
99:9 148 111 82 255 118 88 65 255 74 55 41 255 59 44 32 255
99:14 148 111 82 255 118 88 65 255 74 55 41 255 59 44 32 255
99:15 183 166 140 255 146 132 112 255 91 83 70 255 73 66 56 255
100 174 155 122 255 139 124 97 255 87 77 61 255 69 62 48 255
100:1 188 68 65 255 150 54 52 255 94 34 32 255 75 27 26 255
100:2 188 68 65 255 150 54 52 255 94 34 32 255 75 27 26 255
100:3 188 68 65 255 150 54 52 255 94 34 32 255 75 27 26 255
100:4 188 68 65 255 150 54 52 255 94 34 32 255 75 27 26 255
100:5 188 68 65 255 150 54 52 255 94 34 32 255 75 27 26 255
100:6 188 68 65 255 150 54 52 255 94 34 32 255 75 27 26 255
100:7 188 68 65 255 150 54 52 255 94 34 32 255 75 27 26 255
100:8 188 68 65 255 150 54 52 255 94 34 32 255 75 27 26 255
100:9 188 68 65 255 150 54 52 255 94 34 32 255 75 27 26 255
100:14 188 68 65 255 150 54 52 255 94 34 32 255 75 27 26 255
100:15 183 166 140 255 146 132 112 255 91 83 70 255 73 66 56 255
101 83 81 77 143 66 64 61 143 41 40 38 143 33 32 30 143
102 58 59 60 59 46 47 48 59 29 29 30 59 23 23 24 59
103 114 136 72 255 91 108 57 255 57 68 36 255 45 54 28 255
104 52 70 33 49 41 56 26 49 26 35 16 49 20 28 13 49
105 52 70 33 49 41 56 26 49 26 35 16 49 20 28 13 49
106 41 62 23 130 32 49 18 130 20 31 11 130 16 24 9 130
107 122 93 53 255 97 74 42 255 61 46 26 255 48 37 21 255
108 142 100 75 255 113 80 60 255 71 50 37 255 56 40 30 255
109 84 81 77 255 67 64 61 255 42 40 38 255 33 32 30 255
110 105 128 127 255 84 102 101 255 52 64 63 255 42 51 50 255
111 14 56 21 148 11 44 16 148 7 28 10 148 5 22 8 148
112 66 30 32 255 52 24 25 255 33 15 16 255 26 12 12 255
113 66 30 32 255 52 24 25 255 33 15 16 255 26 12 12 255
114 66 30 32 255 52 24 25 255 33 15 16 255 26 12 12 255
115 93 50 46 79 74 40 36 79 46 25 23 79 37 20 18 79
115:1 96 53 48 117 76 42 38 117 48 26 24 117 38 21 19 117
115:2 96 53 48 117 76 42 38 117 48 26 24 117 38 21 19 117
115:3 92 51 46 134 73 40 36 134 46 25 23 134 36 20 18 134
115:4 92 51 46 134 73 40 36 134 46 25 23 134 36 20 18 134
115:5 92 51 46 134 73 40 36 134 46 25 23 134 36 20 18 134
115:6 92 51 46 134 73 40 36 134 46 25 23 134 36 20 18 134
115:7 92 51 46 134 73 40 36 134 46 25 23 134 36 20 18 134
116 190 100 56 255 152 80 44 255 95 50 28 255 76 40 22 255
117 98 95 83 83 78 76 66 83 49 47 41 83 39 38 33 83
118 39 36 36 111 31 28 28 111 19 18 18 111 15 14 14 111
119 22 16 20 255 17 12 16 255 11 8 10 255 8 6 8 255
120 45 47 51 255 36 37 40 255 22 23 25 255 18 18 20 255
120:4 102 121 110 95 81 96 88 95 51 60 55 95 40 48 44 95
120:5 102 121 110 95 81 96 88 95 51 60 55 95 40 48 44 95
120:6 102 121 110 95 81 96 88 95 51 60 55 95 40 48 44 95
120:7 102 121 110 95 81 96 88 95 51 60 55 95 40 48 44 95
121 163 158 142 255 130 126 113 255 81 79 71 255 65 63 56 255
122 70 61 68 255 56 48 54 255 35 30 34 255 28 24 27 255
123 67 56 38 255 53 44 30 255 33 28 19 255 26 22 15 255
124 124 108 72 255 99 86 57 255 62 54 36 255 49 43 28 255
125 122 93 53 255 97 74 42 255 61 46 26 255 48 37 21 255
125:1 65 51 40 255 52 40 32 255 32 25 20 255 26 20 16 255
125:2 151 140 113 255 120 112 90 255 75 70 56 255 60 56 45 255
125:3 111 74 59 255 88 59 47 255 55 37 29 255 44 29 23 255
125:4 96 42 17 255 76 33 13 255 48 21 8 255 38 16 6 255
125:5 48 29 22 255 38 23 17 255 24 14 11 255 19 11 8 255
125:9 65 51 40 255 52 40 32 255 32 25 20 255 26 20 16 255
125:10 151 140 113 255 120 112 90 255 75 70 56 255 60 56 45 255
125:11 111 74 59 255 88 59 47 255 55 37 29 255 44 29 23 255
125:12 96 42 17 255 76 33 13 255 48 21 8 255 38 16 6 255
125:13 48 29 22 255 38 23 17 255 24 14 11 255 19 11 8 255
126 122 93 53 255 97 74 42 255 61 46 26 255 48 37 21 255
126:1 65 51 40 255 52 40 32 255 32 25 20 255 26 20 16 255
126:2 151 140 113 255 120 112 90 255 75 70 56 255 60 56 45 255
126:3 111 74 59 255 88 59 47 255 55 37 29 255 44 29 23 255
126:4 96 42 17 255 76 33 13 255 48 21 8 255 38 16 6 255
126:5 48 29 22 255 38 23 17 255 24 14 11 255 19 11 8 255
126:9 65 51 40 255 52 40 32 255 32 25 20 255 26 20 16 255
126:10 151 140 113 255 120 112 90 255 75 70 56 255 60 56 45 255
126:11 111 74 59 255 88 59 47 255 55 37 29 255 44 29 23 255
126:12 96 42 17 255 76 33 13 255 48 21 8 255 38 16 6 255
126:13 48 29 22 255 38 23 17 255 24 14 11 255 19 11 8 255
127 61 31 15 132 48 24 12 132 30 15 7 132 24 12 6 132
128 162 134 87 255 129 107 69 255 81 67 43 255 64 53 34 255
129 93 100 73 255 74 80 58 255 46 50 36 255 37 40 29 255
130:2 44 47 50 197 35 37 40 197 22 23 25 197 17 18 20 197
130:3 44 47 50 197 35 37 40 197 22 23 25 197 17 18 20 197
130:4 44 47 50 197 35 37 40 197 22 23 25 197 17 18 20 197
130:5 44 47 50 197 35 37 40 197 22 23 25 197 17 18 20 197
131 72 69 66 255 57 55 52 255 36 34 33 255 28 27 26 255
133 68 104 36 255 54 83 28 255 34 52 18 255 27 41 14 255
134 65 51 40 255 52 40 32 255 32 25 20 255 26 20 16 255
135 151 140 113 255 120 112 90 255 75 70 56 255 60 56 45 255
136 111 74 59 255 88 59 47 255 55 37 29 255 44 29 23 255
137 61 53 45 255 48 42 36 255 30 26 22 255 24 21 18 255
138 58 59 60 59 46 47 48 59 29 29 30 59 23 23 24 59
139 72 69 66 255 57 55 52 255 36 34 33 255 28 27 26 255
139:1 62 69 56 255 49 55 44 255 31 34 28 255 24 27 22 255
140 150 94 67 49 120 75 53 49 75 47 33 49 60 37 26 49
141 81 93 57 9 64 74 45 9 40 46 28 9 32 37 22 9
141:2 81 94 56 24 64 75 44 24 40 47 28 24 32 37 22 24
141:3 81 94 56 24 64 75 44 24 40 47 28 24 32 37 22 24
141:4 83 97 57 44 66 77 45 44 41 48 28 44 33 38 22 44
141:5 83 97 57 44 66 77 45 44 41 48 28 44 33 38 22 44
141:6 83 97 57 44 66 77 45 44 41 48 28 44 33 38 22 44
141:7 89 105 56 96 71 84 44 96 44 52 28 96 35 42 22 96
142 80 90 60 9 64 72 48 9 40 45 30 9 32 36 24 9
142:2 80 91 60 24 64 72 48 24 40 45 30 24 32 36 24 24
142:3 80 91 60 24 64 72 48 24 40 45 30 24 32 36 24 24
142:4 82 93 61 44 65 74 48 44 41 46 30 44 32 37 24 44
142:5 82 93 61 44 65 74 48 44 41 46 30 44 32 37 24 44
142:6 82 93 61 44 65 74 48 44 41 46 30 44 32 37 24 44
142:7 78 88 58 100 62 70 46 100 39 44 29 100 31 35 23 100
143 122 93 53 255 97 74 42 255 61 46 26 255 48 37 21 255
145 74 69 69 255 59 55 55 255 37 34 34 255 29 27 27 255
146 137 110 60 197 109 88 48 197 68 55 30 197 54 44 24 197
146:4 137 110 60 210 109 88 48 210 68 55 30 210 54 44 24 210
146:5 137 110 60 210 109 88 48 210 68 55 30 210 54 44 24 210
146:6 137 110 60 210 109 88 48 210 68 55 30 210 54 44 24 210
146:7 137 110 60 210 109 88 48 210 68 55 30 210 54 44 24 210
146:8 137 110 60 210 109 88 48 210 68 55 30 210 54 44 24 210
146:9 137 110 60 210 109 88 48 210 68 55 30 210 54 44 24 210
146:10 137 110 60 210 109 88 48 210 68 55 30 210 54 44 24 210
146:11 137 110 60 210 109 88 48 210 68 55 30 210 54 44 24 210
147 193 166 91 255 154 132 72 255 96 83 45 255 77 66 36 255
148 148 146 146 255 118 116 116 255 74 73 73 255 59 58 58 255
149 85 75 73 255 68 60 58 255 42 37 36 255 34 30 29 255
150 102 95 93 255 81 76 74 255 51 47 46 255 40 38 37 255
151 135 108 93 255 108 86 74 255 67 54 46 255 54 43 37 255
152 116 18 7 255 92 14 5 255 58 9 3 255 46 7 2 255
153 121 75 77 255 96 60 61 255 60 37 38 255 48 30 30 255
154 114 111 111 255 91 88 88 255 57 55 55 255 45 44 44 255
155 222 210 211 255 177 168 168 255 111 105 105 255 88 84 84 255
155:1 212 200 201 255 169 160 160 255 106 100 100 255 84 80 80 255
155:2 220 203 204 255 176 162 163 255 110 101 102 255 88 81 81 255
155:3 208 195 196 255 166 156 156 255 104 97 98 255 83 78 78 255
155:4 208 195 196 255 166 156 156 255 104 97 98 255 83 78 78 255
156 221 209 210 255 176 167 168 255 110 104 105 255 88 83 84 255
157 85 70 58 167 68 56 46 167 42 35 29 167 34 28 23 167
157:8 97 70 58 167 77 56 46 167 48 35 29 167 38 28 23 167
157:9 97 70 58 167 77 56 46 167 48 35 29 167 38 28 23 167
157:10 97 70 58 167 77 56 46 167 48 35 29 167 38 28 23 167
157:11 97 70 58 167 77 56 46 167 48 35 29 167 38 28 23 167
157:12 97 70 58 167 77 56 46 167 48 35 29 167 38 28 23 167
157:13 97 70 58 167 77 56 46 167 48 35 29 167 38 28 23 167
158 97 94 90 255 77 75 72 255 48 47 45 255 38 37 36 255
158:1 76 74 71 255 60 59 56 255 38 37 35 255 30 29 28 255
159 207 189 178 255 165 151 142 255 103 94 89 255 82 75 71 255
159:1 167 95 60 255 133 76 48 255 83 47 30 255 66 38 24 255
159:2 156 89 98 255 124 71 78 255 78 44 49 255 62 35 39 255
159:3 118 100 114 255 94 80 91 255 59 50 57 255 47 40 45 255
159:4 181 145 74 255 144 116 59 255 90 72 37 255 72 58 29 255
159:5 141 119 67 255 112 95 53 255 70 59 33 255 56 47 26 255
159:6 212 139 126 255 169 111 100 255 106 69 63 255 84 55 50 255
159:7 106 81 70 255 84 64 56 255 53 40 35 255 42 32 28 255
159:8 170 146 134 255 136 116 107 255 85 73 67 255 68 58 53 255
159:9 105 98 82 255 84 78 65 255 52 49 41 255 42 39 32 255
159:10 117 58 79 255 93 46 63 255 58 29 39 255 46 23 31 255
159:11 67 58 75 255 53 46 60 255 33 29 37 255 26 23 30 255
159:12 121 70 44 255 96 56 35 255 60 35 22 255 48 28 17 255
159:13 90 71 41 255 72 56 32 255 45 35 20 255 36 28 16 255
159:14 162 63 51 255 129 50 40 255 81 31 25 255 64 25 20 255
159:15 64 47 40 255 51 37 32 255 32 23 20 255 25 18 16 255
160 109 118 117 186 87 94 93 186 54 59 58 186 43 47 46 186
160:1 94 79 62 186 75 63 49 186 47 39 31 186 37 31 24 186
160:2 85 73 83 186 68 58 66 186 42 36 41 186 34 29 33 186
160:3 70 81 90 186 56 64 72 186 35 40 45 186 28 32 36 186
160:4 95 96 69 186 76 76 55 186 47 48 34 186 38 38 27 186
160:5 80 89 69 186 64 71 55 186 40 44 34 186 32 35 27 186
160:6 105 91 90 186 84 72 72 186 52 45 45 186 42 36 36 186
160:7 68 74 73 186 54 59 58 186 34 37 36 186 27 29 29 186
160:8 88 95 94 186 70 76 75 186 44 47 47 186 35 38 37 186
160:9 67 81 79 186 53 64 63 186 33 40 39 186 26 32 31 186
160:10 72 62 78 186 57 49 62 186 36 31 39 186 28 24 31 186
160:11 56 65 79 186 44 52 63 186 28 32 39 186 22 26 31 186
160:12 79 71 58 186 63 56 46 186 39 35 29 186 31 28 23 186
160:13 64 77 58 186 51 61 46 186 32 38 29 186 25 30 23 186
160:14 89 62 58 186 71 49 46 186 44 31 29 186 35 24 23 186
160:15 57 61 60 186 45 48 48 186 28 30 30 186 22 24 24 186
161 41 71 31 222 32 56 24 222 20 35 15 222 16 28 12 222
161:1 36 61 28 222 28 48 22 222 18 30 14 222 14 24 11 222
161:5 36 61 28 222 28 48 22 222 18 30 14 222 14 24 11 222
161:9 36 61 28 222 28 48 22 222 18 30 14 222 14 24 11 222
161:13 36 61 28 222 28 48 22 222 18 30 14 222 14 24 11 222
162 120 58 30 255 96 46 24 255 60 29 15 255 48 23 12 255
162:1 75 60 49 255 60 48 39 255 37 30 24 255 30 24 19 255
162:4 130 124 116 255 104 99 92 255 65 62 58 255 52 49 46 255
162:5 60 50 41 255 48 40 32 255 30 25 20 255 24 20 16 255
162:8 130 124 116 255 104 99 92 255 65 62 58 255 52 49 46 255
162:9 60 50 41 255 48 40 32 255 30 25 20 255 24 20 16 255
162:12 130 124 116 255 104 99 92 255 65 62 58 255 52 49 46 255
162:13 60 50 41 255 48 40 32 255 30 25 20 255 24 20 16 255
163 96 42 17 255 76 33 13 255 48 21 8 255 38 16 6 255
164 48 29 22 255 38 23 17 255 24 14 11 255 19 11 8 255
165 90 107 15 178 72 85 12 178 45 53 7 178 36 42 6 178
167 147 145 145 228 117 116 116 228 73 72 72 228 58 58 58 228
168 49 83 89 255 39 66 71 255 24 41 44 255 19 33 35 255
168:1 57 94 100 255 45 75 80 255 28 47 50 255 22 37 40 255
168:2 19 36 39 255 15 28 31 255 9 18 19 255 7 14 15 255
169 94 107 80 255 75 85 64 255 47 53 40 255 37 42 32 255
170 146 125 74 255 116 100 59 255 73 62 37 255 58 50 29 255
171 215 212 209 255 172 169 167 255 107 106 104 255 86 84 83 255
171:1 175 105 52 255 140 84 41 255 87 52 26 255 70 42 20 255
171:2 156 88 129 255 124 70 103 255 78 44 64 255 62 35 51 255
171:3 99 117 156 255 79 93 124 255 49 58 78 255 39 46 62 255
171:4 197 174 76 255 157 139 60 255 98 87 38 255 78 69 30 255
171:5 138 148 76 255 110 118 60 255 69 74 38 255 55 59 30 255
171:6 236 154 156 255 188 123 124 255 118 77 78 255 94 61 62 255
171:7 91 92 93 255 72 73 74 255 45 46 46 255 36 36 37 255
171:8 167 168 169 255 133 134 135 255 83 84 84 255 66 67 67 255
171:9 85 119 114 255 68 95 91 255 42 59 57 255 34 47 45 255
171:10 105 47 110 255 84 37 88 255 52 23 55 255 42 18 44 255
171:11 42 58 114 255 33 46 91 255 21 29 57 255 16 23 45 255
171:12 114 73 37 255 91 58 29 255 57 36 18 255 45 29 14 255
171:13 75 82 39 255 60 65 31 255 37 41 19 255 30 32 15 255
171:14 174 50 37 255 139 40 29 255 87 25 18 255 69 20 14 255
171:15 43 44 44 255 34 35 35 255 21 22 22 255 17 17 17 255
172 160 113 89 255 128 90 71 255 80 56 44 255 64 45 35 255
173 14 18 22 255 11 14 17 255 7 9 11 255 5 7 8 255
174 78 149 188 255 62 119 150 255 39 74 94 255 31 59 75 255
175 69 64 3 185 55 51 2 185 34 32 1 185 27 25 1 185
175:8 115 61 7 107 92 48 5 107 57 30 3 107 46 24 2 107
175:9 115 61 7 107 92 48 5 107 57 30 3 107 46 24 2 107
175:10 115 61 7 107 92 48 5 107 57 30 3 107 46 24 2 107
175:11 115 61 7 107 92 48 5 107 57 30 3 107 46 24 2 107
175:12 115 61 7 107 92 48 5 107 57 30 3 107 46 24 2 107
175:13 115 61 7 107 92 48 5 107 57 30 3 107 46 24 2 107
175:14 115 61 7 107 92 48 5 107 57 30 3 107 46 24 2 107
175:15 115 61 7 107 92 48 5 107 57 30 3 107 46 24 2 107
178 106 109 112 255 84 87 89 255 53 54 56 255 42 43 44 255
179 153 50 0 255 122 40 0 255 76 25 0 255 61 20 0 255
180 143 47 0 255 114 37 0 255 71 23 0 255 57 18 0 255
181 153 50 0 255 122 40 0 255 76 25 0 255 61 20 0 255
182 153 50 0 255 122 40 0 255 76 25 0 255 61 20 0 255
183 65 51 40 255 52 40 32 255 32 25 20 255 26 20 16 255
184 151 140 113 255 120 112 90 255 75 70 56 255 60 56 45 255
185 111 74 59 255 88 59 47 255 55 37 29 255 44 29 23 255
186 48 29 22 255 38 23 17 255 24 14 11 255 19 11 8 255
187 96 42 17 255 76 33 13 255 48 21 8 255 38 16 6 255
188 65 51 40 255 52 40 32 255 32 25 20 255 26 20 16 255
189 151 140 113 255 120 112 90 255 75 70 56 255 60 56 45 255
190 111 74 59 255 88 59 47 255 55 37 29 255 44 29 23 255
191 48 29 22 255 38 23 17 255 24 14 11 255 19 11 8 255
192 96 42 17 255 76 33 13 255 48 21 8 255 38 16 6 255
193 60 47 38 255 48 37 30 255 30 23 19 255 24 18 15 255
194 158 146 122 255 126 116 97 255 79 73 61 255 63 58 48 255
195 109 73 58 214 87 58 46 214 54 36 29 214 43 29 23 214
196 103 49 20 183 82 39 16 183 51 24 10 183 41 19 8 183
197 40 22 14 255 32 17 11 255 20 11 7 255 16 8 5 255

Biome Mapping
[RAINFOREST]	49	67	21	255	39	54	17	255	25	34	11	255	20	27	8	255
[SWAMPLAND]	64	128	0	255	51	102	0	255	32	64	0	255	26	51	0	255
[SEASONAL_FOREST]	51	165	42	255	41	132	34	255	26	83	21	255	20	66	17	255
[FOREST]	0	128	64	255	0	102	51	255	0	64	32	255	0	51	26	255
[SAVANNA]	58	58	58	255	46	46	46	255	29	29	29	255	23	23	23	255
[SHRUBLAND]	170	158	24	255	136	126	19	255	85	79	12	255	68	63	10	255
[TAIGA]	204	255	102	255	163	204	82	255	102	128	51	255	82	102	41	255
[DESERT]	255	255	102	255	204	204	82	255	128	128	51	255	102	102	41	255
[PLAINS]	255	204	102	255	204	163	82	255	128	102	51	255	102	82	41	255
[ICE_DESERT]	26	33	103	255	21	26	82	255	13	17	52	255	10	13	41	255
[TUNDRA]	222	222	222	255	178	178	178	255	111	111	111	255	89	89	89	255
[HELL]	255	0	0	255	204	0	0	255	128	0	0	255	102	0	0	255
[SKY]	102	204	255	255	82	163	204	255	51	102	128	255	41	82	102	255
[OCEAN]	0	0	255	255	0	0	204	255	0	0	128	255	0	0	102	255
[RIVER]	0	128	255	255	0	102	204	255	0	64	128	255	0	51	102	255
[EXTREME_HILLS]	128	64	0	255	102	51	0	255	64	32	0	255	51	26	0	255
[FROZEN_OCEAN]	102	255	204	255	82	204	163	255	51	128	102	255	41	102	82	255
[FROZEN_RIVER]	102	102	255	255	82	82	204	255	51	51	128	255	41	41	102	255
[ICE_PLAINS]	102	255	255	255	82	204	204	255	51	128	128	255	41	102	102	255
[ICE_MOUNTAINS]	255	255	255	255	204	204	204	255	128	128	128	255	102	102	102	255
[MUSHROOM_ISLAND]	255	111	207	255	204	89	166	255	128	56	104	255	102	44	83	255
[MUSHROOM_SHORE]	255	0	128	255	204	0	102	255	128	0	64	255	102	0	51	255
[BEACH]	255	206	75	255	230	185	68	255	255	206	75	255	179	144	53	255
[DESERT_HILLS]	255	146	51	255	230	131	46	255	255	146	51	255	179	102	36	255
[FOREST_HILLS]	0	162	100	255	0	146	90	255	0	162	100	255	0	113	70	255
[TAIGA_HILLS]	178	212	117	255	160	191	105	255	178	212	117	255	125	148	82	255
[SMALL_MOUNTAINS]	184	103	33	255	166	93	30	255	184	103	33	255	129	72	23	255
[JUNGLE]	49	67	21	255	39	54	17	255	25	34	11	255	20	27	8	255
[JUNGLE_HILLS]	33	44	14	255	26	36	12	255	16	22	7	255	13	18	6	255
Rainfall/Temperature Mapping
[RAINFALL-0.0]	120	120	120	255	96	96	96	255	60	60	60	255	48	48	48	255
[RAINFALL-1.0]	38	92	255	255	30	73	204	255	19	46	127	255	15	36	102	255
[TEMPERATURE-0.0]	38	92	255	255	30	73	204	255	19	46	127	255	15	36	102	255
[TEMPERATURE-0.5]	91	121	185	255	73	96	147	255	46	61	92	255	36	48	73	255
[TEMPERATURE-0.8]	51	165	42	255	41	131	33	255	26	82	21	255	20	65	17	255
[TEMPERATURE-0.9]	170	158	24	255	135	126	19	255	85	79	12	255	67	62	10	255
[TEMPERATURE-0.95]	204	111	48	255	162	89	38	255	102	56	24	255	81	44	19	255
[TEMPERATURE-1.0]	143	39	36	255	114	31	28	255	71	20	18	255	57	16	14	255
