1 112 110 107 255 89 88 85 255 56 55 53 255 44 44 42 255
2 47 99 42 251 37 79 33 251 23 49 21 251 18 39 16 251
3 138 104 73 255 110 83 58 255 69 52 36 255 55 41 29 255
3:2 90 63 28 255 72 50 22 255 45 31 14 255 36 25 11 255
4 136 129 119 255 108 103 95 255 68 64 59 255 54 51 47 255
5 98 80 60 255 78 64 48 255 49 40 30 255 39 32 24 255
5:1 62 44 29 255 49 35 23 255 31 22 14 255 24 17 11 255
5:2 154 127 89 255 123 101 71 255 77 63 44 255 61 50 35 255
5:3 132 90 63 255 105 72 50 255 66 45 31 255 52 36 25 255
5:4 157 113 75 255 125 90 60 255 78 56 37 255 62 45 30 255
5:5 63 49 35 255 50 39 28 255 31 24 17 255 25 19 14 255
6 41 83 30 123 32 66 24 123 20 41 15 123 16 33 12 123
6:1 16 58 30 69 12 46 24 69 8 29 15 69 6 23 12 69
6:2 68 111 62 73 54 88 49 73 34 55 31 73 27 44 24 73
6:3 41 68 21 75 32 54 16 75 20 34 10 75 16 27 8 75
6:4 66 83 38 74 52 66 30 74 33 41 19 74 26 33 15 74
6:5 42 83 30 145 33 66 24 145 21 41 15 145 16 33 12 145
6:9 16 58 30 69 12 46 24 69 8 29 15 69 6 23 12 69
6:10 68 111 62 73 54 88 49 73 34 55 31 73 27 44 24 73
6:11 41 68 21 75 32 54 16 75 20 34 10 75 16 27 8 75
6:12 66 83 38 74 52 66 30 74 33 41 19 74 26 33 15 74
6:13 42 83 30 145 33 66 24 145 21 41 15 145 16 33 12 145
7 61 58 58 255 48 46 46 255 30 29 29 255 24 23 23 255
8 52 97 140 157 41 77 112 157 26 48 70 157 20 38 56 157
9 56 95 144 159 44 76 115 159 28 47 72 159 22 38 57 159
9:1 52 97 140 157 41 77 112 157 26 48 70 157 20 38 56 157
9:2 52 97 140 157 41 77 112 157 26 48 70 157 20 38 56 157
9:3 52 97 140 157 41 77 112 157 26 48 70 157 20 38 56 157
9:4 52 97 140 157 41 77 112 157 26 48 70 157 20 38 56 157
9:5 52 97 140 157 41 77 112 157 26 48 70 157 20 38 56 157
9:6 52 97 140 157 41 77 112 157 26 48 70 157 20 38 56 157
9:7 52 97 140 157 41 77 112 157 26 48 70 157 20 38 56 157
10 211 92 15 255 168 73 12 255 105 46 7 255 84 36 6 255
11 206 86 14 255 164 68 11 255 103 43 7 255 82 34 5 255
12 240 221 162 255 192 176 129 255 120 110 81 255 96 88 64 255
12:1 169 88 33 255 135 70 26 255 84 44 16 255 67 35 13 255
13 114 101 95 255 91 80 76 255 57 50 47 255 45 40 38 255
14 109 104 89 255 87 83 71 255 54 52 44 255 43 41 35 255
15 102 100 97 255 81 80 77 255 51 50 48 255 40 40 38 255
16 78 77 75 255 62 61 60 255 39 38 37 255 31 30 30 255
17 151 129 94 255 120 103 75 255 75 64 47 255 60 51 37 255
17:4 84 67 50 255 67 53 40 255 42 33 25 255 33 26 20 255
17:5 56 46 34 255 44 36 27 255 28 23 17 255 22 18 13 255
17:6 193 192 186 255 154 153 148 255 96 96 93 255 77 76 74 255
17:7 84 65 40 255 67 52 32 255 42 32 20 255 33 26 16 255
17:8 84 67 50 255 67 53 40 255 42 33 25 255 33 26 20 255
17:9 56 46 34 255 44 36 27 255 28 23 17 255 22 18 13 255
17:10 193 192 186 255 154 153 148 255 96 96 93 255 77 76 74 255
17:11 84 65 40 255 67 52 32 255 42 32 20 255 33 26 16 255
17:12 84 67 50 255 67 53 40 255 42 33 25 255 33 26 20 255
17:13 56 46 34 255 44 36 27 255 28 23 17 255 22 18 13 255
17:14 193 192 186 255 154 153 148 255 96 96 93 255 77 76 74 255
17:15 84 65 40 255 67 52 32 255 42 32 20 255 33 26 16 255
18 54 95 45 206 43 76 36 206 27 47 22 206 21 38 18 206
18:1 48 76 48 0 38 60 38 0 24 38 24 0 19 30 19 0
18:2 85 111 57 0 68 88 45 0 42 55 28 0 34 44 22 0
18:3 50 88 42 161 40 70 33 161 25 44 21 161 20 35 16 161
18:5 48 76 48 0 38 60 38 0 24 38 24 0 19 30 19 0
18:6 85 111 57 0 68 88 45 0 42 55 28 0 34 44 22 0
18:7 50 88 42 161 40 70 33 161 25 44 21 161 20 35 16 161
18:9 48 76 48 0 38 60 38 0 24 38 24 0 19 30 19 0
18:10 85 111 57 0 68 88 45 0 42 55 28 0 34 44 22 0
18:11 50 88 42 161 40 70 33 161 25 44 21 161 20 35 16 161
18:13 48 76 48 0 38 60 38 0 24 38 24 0 19 30 19 0
18:14 85 111 57 0 68 88 45 0 42 55 28 0 34 44 22 0
18:15 50 88 42 161 40 70 33 161 25 44 21 161 20 35 16 161
19 192 168 95 255 153 134 76 255 96 84 47 255 76 67 38 255
20 88 72 57 58 70 57 45 58 44 36 28 58 35 28 22 58
21 83 93 117 255 66 74 93 255 41 46 58 255 33 37 46 255
22 49 80 151 255 39 64 120 255 24 40 75 255 19 32 60 255
23 125 118 111 255 100 94 88 255 62 59 55 255 50 47 44 255
23:1 138 131 121 255 110 104 96 255 69 65 60 255 55 52 48 255
23:9 138 131 121 255 110 104 96 255 69 65 60 255 55 52 48 255
24 224 206 157 255 179 164 125 255 112 103 78 255 89 82 62 255
25 106 84 68 255 84 67 54 255 53 42 34 255 42 33 27 255
26 71 102 50 255 56 81 40 255 35 51 25 255 28 40 20 255
26:8 103 98 68 255 82 78 54 255 51 49 34 255 41 39 27 255
26:9 103 98 68 255 82 78 54 255 51 49 34 255 41 39 27 255
26:10 103 98 68 255 82 78 54 255 51 49 34 255 41 39 27 255
26:11 103 98 68 255 82 78 54 255 51 49 34 255 41 39 27 255
27 141 121 69 165 112 96 55 165 70 60 34 165 56 48 27 165
27:8 150 123 71 165 120 98 56 165 75 61 35 165 60 49 28 165
27:9 150 123 71 165 120 98 56 165 75 61 35 165 60 49 28 165
27:10 150 123 71 165 120 98 56 165 75 61 35 165 60 49 28 165
27:11 150 123 71 165 120 98 56 165 75 61 35 165 60 49 28 165
27:12 150 123 71 165 120 98 56 165 75 61 35 165 60 49 28 165
27:13 150 123 71 165 120 98 56 165 75 61 35 165 60 49 28 165
28 89 79 72 160 71 63 57 160 44 39 36 160 35 31 28 160
29 145 137 127 255 116 109 101 255 72 68 63 255 58 54 50 255
29:1 97 81 56 255 77 64 44 255 48 40 28 255 38 32 22 255
29:2 133 121 109 255 106 96 87 255 66 60 54 255 53 48 43 255
29:3 133 121 109 255 106 96 87 255 66 60 54 255 53 48 43 255
29:4 133 121 109 255 106 96 87 255 66 60 54 255 53 48 43 255
29:5 133 121 109 255 106 96 87 255 66 60 54 255 53 48 43 255
29:9 134 127 118 255 107 101 94 255 67 63 59 255 53 50 47 255
29:10 141 132 122 207 112 105 97 207 70 66 61 207 56 52 48 207
29:11 141 132 122 207 112 105 97 207 70 66 61 207 56 52 48 207
29:12 141 132 122 207 112 105 97 207 70 66 61 207 56 52 48 207
29:13 141 132 122 207 112 105 97 207 70 66 61 207 56 52 48 207
30 110 107 103 63 88 85 82 63 55 53 51 63 44 42 41 63
31 121 91 64 24 96 72 51 24 60 45 32 24 48 36 25 24
31:1 49 102 43 109 39 81 34 109 24 51 21 109 19 40 17 109
31:2 48 101 43 71 38 80 34 71 24 50 21 71 19 40 17 71
32 121 91 64 24 96 72 51 24 60 45 32 24 48 36 25 24
33 145 137 127 255 116 109 101 255 72 68 63 255 58 54 50 255
33:1 96 72 54 255 76 57 43 255 48 36 27 255 38 28 21 255
33:2 133 121 109 255 106 96 87 255 66 60 54 255 53 48 43 255
33:3 133 121 109 255 106 96 87 255 66 60 54 255 53 48 43 255
33:4 133 121 109 255 106 96 87 255 66 60 54 255 53 48 43 255
33:5 133 121 109 255 106 96 87 255 66 60 54 255 53 48 43 255
33:9 134 127 118 255 107 101 94 255 67 63 59 255 53 50 47 255
33:10 141 132 122 207 112 105 97 207 70 66 61 207 56 52 48 207
33:11 141 132 122 207 112 105 97 207 70 66 61 207 56 52 48 207
33:12 141 132 122 207 112 105 97 207 70 66 61 207 56 52 48 207
33:13 141 132 122 207 112 105 97 207 70 66 61 207 56 52 48 207
34 134 127 118 255 107 101 94 255 67 63 59 255 53 50 47 255
34:1 96 72 54 255 76 57 43 255 48 36 27 255 38 28 21 255
34:2 96 73 54 111 76 58 43 111 48 36 27 111 38 29 21 111
34:3 96 73 54 111 76 58 43 111 48 36 27 111 38 29 21 111
34:4 96 73 54 111 76 58 43 111 48 36 27 111 38 29 21 111
34:5 96 73 54 111 76 58 43 111 48 36 27 111 38 29 21 111
34:9 97 81 56 255 77 64 44 255 48 40 28 255 38 32 22 255
34:10 96 73 54 111 76 58 43 111 48 36 27 111 38 29 21 111
34:11 96 73 54 111 76 58 43 111 48 36 27 111 38 29 21 111
34:12 96 73 54 111 76 58 43 111 48 36 27 111 38 29 21 111
34:13 96 73 54 111 76 58 43 111 48 36 27 111 38 29 21 111
35 229 228 220 255 183 182 176 255 114 114 110 255 91 91 88 255
35:1 225 120 49 255 180 96 39 255 112 60 24 255 90 48 19 255
35:2 184 76 172 255 147 60 137 255 92 38 86 255 73 30 68 255
35:3 112 160 204 255 89 128 163 255 56 80 102 255 44 64 81 255
35:4 223 197 54 255 178 157 43 255 111 98 27 255 89 78 21 255
35:5 111 184 67 255 88 147 53 255 55 92 33 255 44 73 26 255
35:6 228 177 195 255 182 141 156 255 114 88 97 255 91 70 78 255
35:7 85 83 78 255 68 66 62 255 42 41 39 255 34 33 31 255
35:8 169 167 165 255 135 133 132 255 84 83 82 255 67 66 66 255
35:9 55 133 147 255 44 106 117 255 27 66 73 255 22 53 58 255
35:10 101 54 143 255 80 43 114 255 50 27 71 255 40 21 57 255
35:11 59 75 156 255 47 60 124 255 29 37 78 255 23 30 62 255
35:12 76 58 39 255 60 46 31 255 38 29 19 255 30 23 15 255
35:13 54 91 39 255 43 72 31 255 27 45 19 255 21 36 15 255
35:14 128 42 35 255 102 33 28 255 64 21 17 255 51 16 14 255
35:15 37 35 32 255 29 28 25 255 18 17 16 255 14 14 12 255
37 127 138 38 27 101 110 30 27 63 69 19 27 50 55 15 27
38 107 56 27 18 85 44 21 18 53 28 13 18 42 22 10 18
38:1 40 99 66 71 32 79 52 71 20 49 33 71 16 39 26 71
38:2 177 141 211 38 141 112 168 38 88 70 105 38 70 56 84 38
38:3 162 191 138 42 129 152 110 42 81 95 69 42 64 76 55 42
38:4 103 135 38 48 82 108 30 48 51 67 19 48 41 54 15 48
38:5 95 134 32 49 76 107 25 49 47 67 16 49 38 53 12 49
38:6 94 153 65 48 75 122 52 48 47 76 32 48 37 61 26 48
38:7 101 150 73 47 80 120 58 47 50 75 36 47 40 60 29 47
38:8 176 197 139 43 140 157 111 43 88 98 69 43 70 78 55 43
39 91 70 45 22 72 56 36 22 45 35 22 22 36 28 18 22
40 170 73 65 19 136 58 52 19 85 36 32 19 68 29 26 19
41 236 220 84 255 188 176 67 255 118 110 42 255 94 88 33 255
42 181 179 175 255 144 143 140 255 90 89 87 255 72 71 70 255
43 194 187 174 255 155 149 139 255 97 93 87 255 77 74 69 255
43:1 224 206 157 255 179 164 125 255 112 103 78 255 89 82 62 255
43:2 98 80 60 255 78 64 48 255 49 40 30 255 39 32 24 255
43:3 136 129 119 255 108 103 95 255 68 64 59 255 54 51 47 255
43:4 139 99 90 255 111 79 72 255 69 49 45 255 55 39 36 255
43:5 156 150 140 255 124 120 112 255 78 75 70 255 62 60 56 255
43:6 53 26 31 255 42 20 24 255 26 13 15 255 21 10 12 255
43:7 228 223 212 253 182 178 169 253 114 111 106 253 91 89 84 253
43:9 224 206 157 255 179 164 125 255 112 103 78 255 89 82 62 255
43:10 98 80 60 255 78 64 48 255 49 40 30 255 39 32 24 255
43:11 136 129 119 255 108 103 95 255 68 64 59 255 54 51 47 255
43:12 139 99 90 255 111 79 72 255 69 49 45 255 55 39 36 255
43:13 156 150 140 255 124 120 112 255 78 75 70 255 62 60 56 255
43:14 53 26 31 255 42 20 24 255 26 13 15 255 21 10 12 255
43:15 228 223 212 253 182 178 169 253 114 111 106 253 91 89 84 253
44 194 187 174 255 155 149 139 255 97 93 87 255 77 74 69 255
44:1 224 206 157 255 179 164 125 255 112 103 78 255 89 82 62 255
44:2 98 80 60 255 78 64 48 255 49 40 30 255 39 32 24 255
44:3 136 129 119 255 108 103 95 255 68 64 59 255 54 51 47 255
44:4 139 99 90 255 111 79 72 255 69 49 45 255 55 39 36 255
44:5 156 150 140 255 124 120 112 255 78 75 70 255 62 60 56 255
44:6 53 26 31 255 42 20 24 255 26 13 15 255 21 10 12 255
44:7 228 223 212 253 182 178 169 253 114 111 106 253 91 89 84 253
44:9 224 206 157 255 179 164 125 255 112 103 78 255 89 82 62 255
44:10 98 80 60 255 78 64 48 255 49 40 30 255 39 32 24 255
44:11 136 129 119 255 108 103 95 255 68 64 59 255 54 51 47 255
44:12 139 99 90 255 111 79 72 255 69 49 45 255 55 39 36 255
44:13 156 150 140 255 124 120 112 255 78 75 70 255 62 60 56 255
44:14 53 26 31 255 42 20 24 255 26 13 15 255 21 10 12 255
44:15 228 223 212 253 182 178 169 253 114 111 106 253 91 89 84 253
45 139 99 90 255 111 79 72 255 69 49 45 255 55 39 36 255
46 92 69 54 255 73 55 43 255 46 34 27 255 36 27 21 255
47 98 80 60 255 78 64 48 255 49 40 30 255 39 32 24 255
48 122 122 99 255 97 97 79 255 61 61 49 255 48 48 39 255
49 41 29 56 255 32 23 44 255 20 14 28 255 16 11 22 255
50 67 61 49 27 53 48 39 27 33 30 24 27 26 24 19 27
51 216 151 54 156 172 120 43 156 108 75 27 156 86 60 21 156
52 109 106 90 198 87 84 72 198 54 53 45 198 43 42 36 198
53 98 80 60 255 78 64 48 255 49 40 30 255 39 32 24 255
54 140 122 103 195 112 97 82 195 70 61 51 195 56 48 41 195
54:4 140 122 102 209 112 97 81 209 70 61 51 209 56 48 40 209
54:5 140 122 102 209 112 97 81 209 70 61 51 209 56 48 40 209
54:6 140 122 102 209 112 97 81 209 70 61 51 209 56 48 40 209
54:7 140 122 102 209 112 97 81 209 70 61 51 209 56 48 40 209
54:8 140 122 102 209 112 97 81 209 70 61 51 209 56 48 40 209
54:9 140 122 102 209 112 97 81 209 70 61 51 209 56 48 40 209
54:10 140 122 102 209 112 97 81 209 70 61 51 209 56 48 40 209
54:11 140 122 102 209 112 97 81 209 70 61 51 209 56 48 40 209
55 227 227 227 26 181 181 181 26 113 113 113 26 90 90 90 26
56 109 112 108 255 87 89 86 255 54 56 54 255 43 44 43 255
57 60 195 211 255 48 156 168 255 30 97 105 255 24 78 84 255
58 176 145 103 255 140 116 82 255 88 72 51 255 70 58 41 255
59 67 119 28 9 53 95 22 9 33 59 14 9 26 47 11 9
59:1 73 123 31 16 58 98 24 16 36 61 15 16 29 49 12 16
59:2 84 129 29 21 67 103 23 21 42 64 14 21 33 51 11 21
59:3 91 128 30 33 72 102 24 33 45 64 15 33 36 51 12 33
59:4 98 132 33 47 78 105 26 47 49 66 16 47 39 52 13 47
59:5 101 127 41 60 80 101 32 60 50 63 20 60 40 50 16 60
59:6 107 131 49 72 85 104 39 72 53 65 24 72 42 52 19 72
59:7 171 155 74 80 136 124 59 80 85 77 37 80 68 62 29 80
59:8 171 155 74 80 136 124 59 80 85 77 37 80 68 62 29 80
59:9 171 155 74 80 136 124 59 80 85 77 37 80 68 62 29 80
59:10 171 155 74 80 136 124 59 80 85 77 37 80 68 62 29 80
59:11 171 155 74 80 136 124 59 80 85 77 37 80 68 62 29 80
59:12 171 155 74 80 136 124 59 80 85 77 37 80 68 62 29 80
59:13 171 155 74 80 136 124 59 80 85 77 37 80 68 62 29 80
59:14 171 155 74 80 136 124 59 80 85 77 37 80 68 62 29 80
59:15 171 155 74 80 136 124 59 80 85 77 37 80 68 62 29 80
60 105 80 59 255 84 64 47 255 52 40 29 255 42 32 23 255
60:1 65 50 36 255 52 40 28 255 32 25 18 255 26 20 14 255
60:2 65 50 36 255 52 40 28 255 32 25 18 255 26 20 14 255
60:3 65 50 36 255 52 40 28 255 32 25 18 255 26 20 14 255
60:4 65 50 36 255 52 40 28 255 32 25 18 255 26 20 14 255
60:5 65 50 36 255 52 40 28 255 32 25 18 255 26 20 14 255
60:6 65 50 36 255 52 40 28 255 32 25 18 255 26 20 14 255
60:7 65 50 36 255 52 40 28 255 32 25 18 255 26 20 14 255
60:8 65 50 36 255 52 40 28 255 32 25 18 255 26 20 14 255
60:9 65 50 36 255 52 40 28 255 32 25 18 255 26 20 14 255
60:10 65 50 36 255 52 40 28 255 32 25 18 255 26 20 14 255
60:11 65 50 36 255 52 40 28 255 32 25 18 255 26 20 14 255
60:12 65 50 36 255 52 40 28 255 32 25 18 255 26 20 14 255
60:13 65 50 36 255 52 40 28 255 32 25 18 255 26 20 14 255
60:14 65 50 36 255 52 40 28 255 32 25 18 255 26 20 14 255
60:15 65 50 36 255 52 40 28 255 32 25 18 255 26 20 14 255
61:2 125 118 111 255 100 94 88 255 62 59 55 255 50 47 44 255
61:3 125 118 111 255 100 94 88 255 62 59 55 255 50 47 44 255
61:4 125 118 111 255 100 94 88 255 62 59 55 255 50 47 44 255
61:5 125 118 111 255 100 94 88 255 62 59 55 255 50 47 44 255
62:2 125 118 111 255 100 94 88 255 62 59 55 255 50 47 44 255
62:3 125 118 111 255 100 94 88 255 62 59 55 255 50 47 44 255
62:4 125 118 111 255 100 94 88 255 62 59 55 255 50 47 44 255
62:5 125 118 111 255 100 94 88 255 62 59 55 255 50 47 44 255
63 85 69 51 10 68 55 40 10 42 34 25 10 34 27 20 10
64 93 77 59 255 74 61 47 255 46 38 29 255 37 30 23 255
64:8 94 78 60 237 75 62 48 237 47 39 30 237 37 31 24 237
64:9 94 78 60 237 75 62 48 237 47 39 30 237 37 31 24 237
64:10 94 78 60 237 75 62 48 237 47 39 30 237 37 31 24 237
64:11 94 78 60 237 75 62 48 237 47 39 30 237 37 31 24 237
64:12 94 78 60 237 75 62 48 237 47 39 30 237 37 31 24 237
64:13 94 78 60 237 75 62 48 237 47 39 30 237 37 31 24 237
64:14 94 78 60 237 75 62 48 237 47 39 30 237 37 31 24 237
64:15 94 78 60 237 75 62 48 237 47 39 30 237 37 31 24 237
65 103 85 66 72 82 68 52 72 51 42 33 72 41 34 26 72
66 90 81 73 134 72 64 58 134 45 40 36 134 36 32 29 134
66:6 91 83 75 118 72 66 60 118 45 41 37 118 36 33 30 118
66:7 91 83 75 118 72 66 60 118 45 41 37 118 36 33 30 118
66:8 91 83 75 118 72 66 60 118 45 41 37 118 36 33 30 118
66:9 91 83 75 118 72 66 60 118 45 41 37 118 36 33 30 118
67 136 129 119 255 108 103 95 255 68 64 59 255 54 51 47 255
68 85 69 51 10 68 55 40 10 42 34 25 10 34 27 20 10
69 136 129 119 255 108 103 95 255 68 64 59 255 54 51 47 255
70 112 110 107 255 89 88 85 255 56 55 53 255 44 44 42 255
71 78 76 71 255 62 60 56 255 39 38 35 255 31 30 28 255
71:8 77 76 71 221 61 60 56 221 38 38 35 221 30 30 28 221
71:9 77 76 71 221 61 60 56 221 38 38 35 221 30 30 28 221
71:10 77 76 71 221 61 60 56 221 38 38 35 221 30 30 28 221
71:11 77 76 71 221 61 60 56 221 38 38 35 221 30 30 28 221
71:12 77 76 71 221 61 60 56 221 38 38 35 221 30 30 28 221
71:13 77 76 71 221 61 60 56 221 38 38 35 221 30 30 28 221
71:14 77 76 71 221 61 60 56 221 38 38 35 221 30 30 28 221
71:15 77 76 71 221 61 60 56 221 38 38 35 221 30 30 28 221
72 98 80 60 255 78 64 48 255 49 40 30 255 39 32 24 255
73 129 94 87 255 103 75 69 255 64 47 43 255 51 37 34 255
74 129 94 87 255 103 75 69 255 64 47 43 255 51 37 34 255
75:1 74 37 31 21 59 29 24 21 37 18 15 21 29 14 12 21
75:2 74 37 31 21 59 29 24 21 37 18 15 21 29 14 12 21
75:3 74 37 31 21 59 29 24 21 37 18 15 21 29 14 12 21
75:4 74 37 31 21 59 29 24 21 37 18 15 21 29 14 12 21
75:5 74 37 31 21 59 29 24 21 37 18 15 21 29 14 12 21
76:1 88 26 18 31 70 20 14 31 44 13 9 31 35 10 7 31
76:2 88 26 18 31 70 20 14 31 44 13 9 31 35 10 7 31
76:3 88 26 18 31 70 20 14 31 44 13 9 31 35 10 7 31
76:4 88 26 18 31 70 20 14 31 44 13 9 31 35 10 7 31
76:5 88 26 18 31 70 20 14 31 44 13 9 31 35 10 7 31
77 112 110 107 255 89 88 85 255 56 55 53 255 44 44 42 255
78 236 238 242 255 188 190 193 255 118 119 121 255 94 95 96 255
79 180 221 246 159 144 176 196 159 90 110 123 159 72 88 98 159
80 236 238 242 255 188 190 193 255 118 119 121 255 94 95 96 255
81 87 121 67 195 69 96 53 195 43 60 33 195 34 48 26 195
82 154 154 150 255 123 123 120 255 77 77 75 255 61 61 60 255
83 121 158 67 90 96 126 53 90 60 79 33 90 48 63 26 90
84 95 86 78 255 76 68 62 255 47 43 39 255 38 34 31 255
85 98 80 60 255 78 64 48 255 49 40 30 255 39 32 24 255
86 161 98 19 255 128 78 15 255 80 49 9 255 64 39 7 255
87 139 66 70 255 111 52 56 255 69 33 35 255 55 26 28 255
88 97 68 59 255 77 54 47 255 48 34 29 255 38 27 23 255
89 224 192 118 255 179 153 94 255 112 96 59 255 89 76 47 255
90 69 0 105 163 55 0 84 163 34 0 52 163 27 0 42 163
91 161 98 19 255 128 78 15 255 80 49 9 255 64 39 7 255
92 239 220 218 195 191 176 174 195 119 110 109 195 95 88 87 195
93 152 143 135 255 121 114 108 255 76 71 67 255 60 57 54 255
94 156 144 135 255 124 115 108 255 78 72 67 255 62 57 54 255
95 193 187 182 156 154 149 145 156 96 93 91 156 77 74 72 156
95:1 189 119 39 156 151 95 31 156 94 59 19 156 75 47 15 156
95:2 182 26 109 156 145 20 87 156 91 13 54 156 72 10 43 156
95:3 75 114 149 156 60 91 119 156 37 57 74 156 30 45 59 156
95:4 193 179 21 156 154 143 16 156 96 89 10 156 77 71 8 156
95:5 121 152 61 156 96 121 48 156 60 76 30 156 48 60 24 156
95:6 185 25 111 166 148 20 88 166 92 12 55 166 74 10 44 166
95:7 119 113 107 156 95 90 85 156 59 56 53 156 47 45 42 156
95:8 126 120 115 156 100 96 92 156 63 60 57 156 50 48 46 156
95:9 32 187 182 156 25 149 145 156 16 93 91 156 12 74 72 156
95:10 64 26 68 156 51 20 54 156 32 13 34 156 25 10 27 156
95:11 41 26 69 156 32 20 55 156 20 13 34 156 16 10 27 156
95:12 111 72 21 156 88 57 16 156 55 36 10 156 44 28 8 156
95:13 32 131 72 156 25 104 57 156 16 65 36 156 12 52 28 156
95:14 193 26 21 156 154 20 16 156 96 13 10 156 77 10 8 156
95:15 32 26 21 156 25 20 16 156 16 13 10 156 12 10 8 156
96 125 113 101 242 100 90 80 242 62 56 50 242 50 45 40 242
97 112 110 107 255 89 88 85 255 56 55 53 255 44 44 42 255
97:1 136 129 119 255 108 103 95 255 68 64 59 255 54 51 47 255
97:2 156 150 140 255 124 120 112 255 78 75 70 255 62 60 56 255
98 156 150 140 255 124 120 112 255 78 75 70 255 62 60 56 255
98:1 146 145 128 255 116 116 102 255 73 72 64 255 58 58 51 255
98:2 147 140 131 255 117 112 104 255 73 70 65 255 58 56 52 255
98:3 142 136 127 255 113 108 101 255 71 68 63 255 56 54 50 255
99 227 196 126 255 181 156 100 255 113 98 63 255 90 78 50 255
99:1 153 112 69 255 122 89 55 255 76 56 34 255 61 44 27 255
99:2 153 112 69 255 122 89 55 255 76 56 34 255 61 44 27 255
99:3 153 112 69 255 122 89 55 255 76 56 34 255 61 44 27 255
99:4 153 112 69 255 122 89 55 255 76 56 34 255 61 44 27 255
99:5 153 112 69 255 122 89 55 255 76 56 34 255 61 44 27 255
99:6 153 112 69 255 122 89 55 255 76 56 34 255 61 44 27 255
99:7 153 112 69 255 122 89 55 255 76 56 34 255 61 44 27 255
99:8 153 112 69 255 122 89 55 255 76 56 34 255 61 44 27 255
99:9 153 112 69 255 122 89 55 255 76 56 34 255 61 44 27 255
99:14 153 112 69 255 122 89 55 255 76 56 34 255 61 44 27 255
99:15 236 224 201 255 188 179 160 255 118 112 100 255 94 89 80 255
100 227 196 126 255 181 156 100 255 113 98 63 255 90 78 50 255
100:1 129 78 70 255 103 62 56 255 64 39 35 255 51 31 28 255
100:2 129 78 70 255 103 62 56 255 64 39 35 255 51 31 28 255
100:3 129 78 70 255 103 62 56 255 64 39 35 255 51 31 28 255
100:4 129 78 70 255 103 62 56 255 64 39 35 255 51 31 28 255
100:5 129 78 70 255 103 62 56 255 64 39 35 255 51 31 28 255
100:6 129 78 70 255 103 62 56 255 64 39 35 255 51 31 28 255
100:7 129 78 70 255 103 62 56 255 64 39 35 255 51 31 28 255
100:8 129 78 70 255 103 62 56 255 64 39 35 255 51 31 28 255
100:9 129 78 70 255 103 62 56 255 64 39 35 255 51 31 28 255
100:14 129 78 70 255 103 62 56 255 64 39 35 255 51 31 28 255
100:15 236 224 201 255 188 179 160 255 118 112 100 255 94 89 80 255
101 65 64 61 110 52 51 48 110 32 32 30 110 26 25 24 110
102 88 72 57 58 70 57 45 58 44 36 28 58 35 28 22 58
103 52 82 33 255 41 65 26 255 26 41 16 255 20 32 13 255
104 25 81 31 35 20 64 24 35 12 40 15 35 10 32 12 35
105 25 81 31 35 20 64 24 35 12 40 15 35 10 32 12 35
106 49 86 41 104 39 68 32 104 24 43 20 104 19 34 16 104
107 98 80 60 255 78 64 48 255 49 40 30 255 39 32 24 255
108 139 99 90 255 111 79 72 255 69 49 45 255 55 39 36 255
109 156 150 140 255 124 120 112 255 78 75 70 255 62 60 56 255
110 98 88 99 255 78 70 79 255 49 44 49 255 39 35 39 255
111 16 64 24 0 12 51 19 0 8 32 12 0 6 25 9 0
112 53 26 31 255 42 20 24 255 26 13 15 255 21 10 12 255
113 53 26 31 255 42 20 24 255 26 13 15 255 21 10 12 255
114 53 26 31 255 42 20 24 255 26 13 15 255 21 10 12 255
115 64 30 31 52 51 24 24 52 32 15 15 52 25 12 12 52
115:1 68 35 35 92 54 28 28 92 34 17 17 92 27 14 14 92
115:2 68 35 35 92 54 28 28 92 34 17 17 92 27 14 14 92
115:3 75 45 43 113 60 36 34 113 37 22 21 113 30 18 17 113
115:4 75 45 43 113 60 36 34 113 37 22 21 113 30 18 17 113
115:5 75 45 43 113 60 36 34 113 37 22 21 113 30 18 17 113
115:6 75 45 43 113 60 36 34 113 37 22 21 113 30 18 17 113
115:7 75 45 43 113 60 36 34 113 37 22 21 113 30 18 17 113
116 92 35 30 255 73 28 24 255 46 17 15 255 36 14 12 255
117 67 72 72 77 53 57 57 77 33 36 36 77 26 28 28 77
118 64 64 64 111 51 51 51 111 32 32 32 111 25 25 25 111
119 41 29 56 255 32 23 44 255 20 14 28 255 16 11 22 255
120 84 131 102 255 67 104 81 255 42 65 51 255 33 52 40 255
120:4 67 101 71 95 53 80 56 95 33 50 35 95 26 40 28 95
120:5 67 101 71 95 53 80 56 95 33 50 35 95 26 40 28 95
120:6 67 101 71 95 53 80 56 95 33 50 35 95 26 40 28 95
120:7 67 101 71 95 53 80 56 95 33 50 35 95 26 40 28 95
121 238 236 193 255 190 188 154 255 119 118 96 255 95 94 77 255
122 12 0 24 255 9 0 19 255 6 0 12 255 4 0 9 255
123 87 71 56 255 69 56 44 255 43 35 28 255 34 28 22 255
124 125 110 78 255 100 88 62 255 62 55 39 255 50 44 31 255
125 98 80 60 255 78 64 48 255 49 40 30 255 39 32 24 255
125:1 62 44 29 255 49 35 23 255 31 22 14 255 24 17 11 255
125:2 154 127 89 255 123 101 71 255 77 63 44 255 61 50 35 255
125:3 132 90 63 255 105 72 50 255 66 45 31 255 52 36 25 255
125:4 157 113 75 255 125 90 60 255 78 56 37 255 62 45 30 255
125:5 63 49 35 255 50 39 28 255 31 24 17 255 25 19 14 255
125:9 62 44 29 255 49 35 23 255 31 22 14 255 24 17 11 255
125:10 154 127 89 255 123 101 71 255 77 63 44 255 61 50 35 255
125:11 132 90 63 255 105 72 50 255 66 45 31 255 52 36 25 255
125:12 157 113 75 255 125 90 60 255 78 56 37 255 62 45 30 255
125:13 63 49 35 255 50 39 28 255 31 24 17 255 25 19 14 255
126 98 80 60 255 78 64 48 255 49 40 30 255 39 32 24 255
126:1 62 44 29 255 49 35 23 255 31 22 14 255 24 17 11 255
126:2 154 127 89 255 123 101 71 255 77 63 44 255 61 50 35 255
126:3 132 90 63 255 105 72 50 255 66 45 31 255 52 36 25 255
126:4 157 113 75 255 125 90 60 255 78 56 37 255 62 45 30 255
126:5 63 49 35 255 50 39 28 255 31 24 17 255 25 19 14 255
126:9 62 44 29 255 49 35 23 255 31 22 14 255 24 17 11 255
126:10 154 127 89 255 123 101 71 255 77 63 44 255 61 50 35 255
126:11 132 90 63 255 105 72 50 255 66 45 31 255 52 36 25 255
126:12 157 113 75 255 125 90 60 255 78 56 37 255 62 45 30 255
126:13 63 49 35 255 50 39 28 255 31 24 17 255 25 19 14 255
127 151 66 46 129 120 52 36 129 75 33 23 129 60 26 18 129
128 212 189 139 255 169 151 111 255 106 94 69 255 84 75 55 255
129 92 105 89 255 73 84 71 255 46 52 44 255 36 42 35 255
130:2 75 75 75 195 60 60 60 195 37 37 37 195 30 30 30 195
130:3 75 75 75 195 60 60 60 195 37 37 37 195 30 30 30 195
130:4 75 75 75 195 60 60 60 195 37 37 37 195 30 30 30 195
130:5 75 75 75 195 60 60 60 195 37 37 37 195 30 30 30 195
131 136 129 119 255 108 103 95 255 68 64 59 255 54 51 47 255
133 38 161 73 255 30 128 58 255 19 80 36 255 15 64 29 255
134 62 44 29 255 49 35 23 255 31 22 14 255 24 17 11 255
135 154 127 89 255 123 101 71 255 77 63 44 255 61 50 35 255
136 132 90 63 255 105 72 50 255 66 45 31 255 52 36 25 255
137 98 94 89 255 78 75 71 255 49 47 44 255 39 37 35 255
138 88 72 57 58 70 57 45 58 44 36 28 58 35 28 22 58
139 136 129 119 255 108 103 95 255 68 64 59 255 54 51 47 255
139:1 122 122 99 255 97 97 79 255 61 61 49 255 48 48 39 255
140 135 77 66 49 108 61 52 49 67 38 33 49 54 30 26 49
141 87 132 66 6 69 105 52 6 43 66 33 6 34 52 26 6
141:2 94 140 70 16 75 112 56 16 47 70 35 16 37 56 28 16
141:3 94 140 70 16 75 112 56 16 47 70 35 16 37 56 28 16
141:4 92 138 68 23 73 110 54 23 46 69 34 23 36 55 27 23
141:5 92 138 68 23 73 110 54 23 46 69 34 23 36 55 27 23
141:6 92 138 68 23 73 110 54 23 46 69 34 23 36 55 27 23
141:7 126 146 13 60 100 116 10 60 63 73 6 60 50 58 5 60
142 87 132 66 6 69 105 52 6 43 66 33 6 34 52 26 6
142:2 94 140 70 16 75 112 56 16 47 70 35 16 37 56 28 16
142:3 94 140 70 16 75 112 56 16 47 70 35 16 37 56 28 16
142:4 92 138 68 23 73 110 54 23 46 69 34 23 36 55 27 23
142:5 92 138 68 23 73 110 54 23 46 69 34 23 36 55 27 23
142:6 92 138 68 23 73 110 54 23 46 69 34 23 36 55 27 23
142:7 84 132 69 67 67 105 55 67 42 66 34 67 33 52 27 67
143 98 80 60 255 78 64 48 255 49 40 30 255 39 32 24 255
145 39 39 39 255 31 31 31 255 19 19 19 255 15 15 15 255
146 140 122 103 195 112 97 82 195 70 61 51 195 56 48 41 195
146:4 140 122 102 209 112 97 81 209 70 61 51 209 56 48 40 209
146:5 140 122 102 209 112 97 81 209 70 61 51 209 56 48 40 209
146:6 140 122 102 209 112 97 81 209 70 61 51 209 56 48 40 209
146:7 140 122 102 209 112 97 81 209 70 61 51 209 56 48 40 209
146:8 140 122 102 209 112 97 81 209 70 61 51 209 56 48 40 209
146:9 140 122 102 209 112 97 81 209 70 61 51 209 56 48 40 209
146:10 140 122 102 209 112 97 81 209 70 61 51 209 56 48 40 209
146:11 140 122 102 209 112 97 81 209 70 61 51 209 56 48 40 209
147 236 220 84 255 188 176 67 255 118 110 42 255 94 88 33 255
148 181 179 175 255 144 143 140 255 90 89 87 255 72 71 70 255
149 141 132 124 255 112 105 99 255 70 66 62 255 56 52 49 255
150 145 134 125 255 116 107 100 255 72 67 62 255 58 53 50 255
151 163 152 139 255 130 121 111 255 81 76 69 255 65 60 55 255
152 163 4 21 255 130 3 16 255 81 2 10 255 65 1 8 255
153 143 86 86 255 114 68 68 255 71 43 43 255 57 34 34 255
154 31 31 31 255 24 24 24 255 15 15 15 255 12 12 12 255
155 228 223 212 253 182 178 169 253 114 111 106 253 91 89 84 253
155:1 225 221 207 254 180 176 165 254 112 110 103 254 90 88 82 254
155:2 221 216 201 254 176 172 160 254 110 108 100 254 88 86 80 254
155:3 224 218 205 255 179 174 164 255 112 109 102 255 89 87 82 255
155:4 224 218 205 255 179 174 164 255 112 109 102 255 89 87 82 255
156 228 223 212 253 182 178 169 253 114 111 106 253 91 89 84 253
157 101 88 84 161 80 70 67 161 50 44 42 161 40 35 33 161
157:8 93 82 78 161 74 65 62 161 46 41 39 161 37 32 31 161
157:9 93 82 78 161 74 65 62 161 46 41 39 161 37 32 31 161
157:10 93 82 78 161 74 65 62 161 46 41 39 161 37 32 31 161
157:11 93 82 78 161 74 65 62 161 46 41 39 161 37 32 31 161
157:12 93 82 78 161 74 65 62 161 46 41 39 161 37 32 31 161
157:13 93 82 78 161 74 65 62 161 46 41 39 161 37 32 31 161
158 125 118 111 255 100 94 88 255 62 59 55 255 50 47 44 255
158:1 135 128 118 255 108 102 94 255 67 64 59 255 54 51 47 255
159 207 182 167 255 165 145 133 255 103 91 83 255 82 72 66 255
159:1 155 80 36 255 124 64 28 255 77 40 18 255 62 32 14 255
159:2 153 82 107 255 122 65 85 255 76 41 53 255 61 32 42 255
159:3 113 107 152 255 90 85 121 255 56 53 76 255 45 42 60 255
159:4 189 132 64 255 151 105 51 255 94 66 32 255 75 52 25 255
159:5 100 119 58 255 80 95 46 255 50 59 29 255 40 47 23 255
159:6 153 82 81 255 122 65 64 255 76 41 40 255 61 32 32 255
159:7 61 38 35 255 48 30 28 255 30 19 17 255 24 15 14 255
159:8 136 103 99 255 108 82 79 255 68 51 49 255 54 41 39 255
159:9 79 89 95 255 63 71 76 255 39 44 47 255 31 35 38 255
159:10 118 64 87 255 94 51 69 255 59 32 43 255 47 25 34 255
159:11 73 58 88 255 58 46 70 255 36 29 44 255 29 23 35 255
159:12 77 48 43 255 61 38 34 255 38 24 21 255 30 19 17 255
159:13 72 79 50 255 57 63 40 255 36 39 25 255 28 31 20 255
159:14 141 53 55 255 112 42 44 255 70 26 27 255 56 21 22 255
159:15 40 20 18 255 32 16 14 255 20 10 9 255 16 8 7 255
160 193 187 182 156 154 149 145 156 96 93 91 156 77 74 72 156
160:1 189 119 39 156 151 95 31 156 94 59 19 156 75 47 15 156
160:2 182 26 109 156 145 20 87 156 91 13 54 156 72 10 43 156
160:3 75 114 149 156 60 91 119 156 37 57 74 156 30 45 59 156
160:4 193 179 21 156 154 143 16 156 96 89 10 156 77 71 8 156
160:5 121 152 61 156 96 121 48 156 60 76 30 156 48 60 24 156
160:6 185 25 111 166 148 20 88 166 92 12 55 166 74 10 44 166
160:7 119 113 107 156 95 90 85 156 59 56 53 156 47 45 42 156
160:8 126 120 115 156 100 96 92 156 63 60 57 156 50 48 46 156
160:9 32 187 182 156 25 149 145 156 16 93 91 156 12 74 72 156
160:10 64 26 68 156 51 20 54 156 32 13 34 156 25 10 27 156
160:11 41 26 69 156 32 20 55 156 20 13 34 156 16 10 27 156
160:12 111 72 21 156 88 57 16 156 55 36 10 156 44 28 8 156
160:13 32 131 72 156 25 104 57 156 16 65 36 156 12 52 28 156
160:14 193 26 21 156 154 20 16 156 96 13 10 156 77 10 8 156
160:15 32 26 21 156 25 20 16 156 16 13 10 156 12 10 8 156
161 42 75 36 154 33 60 28 154 21 37 18 154 16 30 14 154
162 168 125 101 255 134 100 80 255 84 62 50 255 67 50 40 255
162:1 151 129 94 255 120 103 75 255 75 64 47 255 60 51 37 255
162:4 92 86 75 255 73 68 60 255 46 43 37 255 36 34 30 255
162:5 56 46 34 255 44 36 27 255 28 23 17 255 22 18 13 255
162:8 92 86 75 255 73 68 60 255 46 43 37 255 36 34 30 255
162:9 56 46 34 255 44 36 27 255 28 23 17 255 22 18 13 255
162:12 92 86 75 255 73 68 60 255 46 43 37 255 36 34 30 255
162:13 56 46 34 255 44 36 27 255 28 23 17 255 22 18 13 255
163 157 113 75 255 125 90 60 255 78 56 37 255 62 45 30 255
164 63 49 35 255 50 39 28 255 31 24 17 255 25 19 14 255
170 242 216 132 255 193 172 105 255 121 108 66 255 96 86 52 255
171 229 228 220 255 183 182 176 255 114 114 110 255 91 91 88 255
171:1 225 120 49 255 180 96 39 255 112 60 24 255 90 48 19 255
171:2 184 76 172 255 147 60 137 255 92 38 86 255 73 30 68 255
171:3 112 160 204 255 89 128 163 255 56 80 102 255 44 64 81 255
171:4 223 197 54 255 178 157 43 255 111 98 27 255 89 78 21 255
171:5 111 184 67 255 88 147 53 255 55 92 33 255 44 73 26 255
171:6 228 177 195 255 182 141 156 255 114 88 97 255 91 70 78 255
171:7 85 83 78 255 68 66 62 255 42 41 39 255 34 33 31 255
171:8 169 167 165 255 135 133 132 255 84 83 82 255 67 66 66 255
171:9 55 133 147 255 44 106 117 255 27 66 73 255 22 53 58 255
171:10 101 54 143 255 80 43 114 255 50 27 71 255 40 21 57 255
171:11 59 75 156 255 47 60 124 255 29 37 78 255 23 30 62 255
171:12 76 58 39 255 60 46 31 255 38 29 19 255 30 23 15 255
171:13 54 91 39 255 43 72 31 255 27 45 19 255 21 36 15 255
171:14 128 42 35 255 102 33 28 255 64 21 17 255 51 16 14 255
171:15 37 35 32 255 29 28 25 255 18 17 16 255 14 14 12 255
172 146 78 70 255 116 62 56 255 73 39 35 255 58 31 28 255
173 20 21 22 255 16 16 17 255 10 10 11 255 8 8 8 255
174 190 225 247 255 152 180 197 255 95 112 123 255 76 90 98 255
175 65 109 43 51 52 87 34 51 32 54 21 51 26 43 17 51
175:1 142 148 132 86 113 118 105 86 71 74 66 86 56 59 52 86
175:2 45 93 40 211 36 74 32 211 22 46 20 211 18 37 16 211
175:3 51 107 46 143 40 85 36 143 25 53 23 143 20 42 18 143
175:4 42 52 23 203 33 41 18 203 21 26 11 203 16 20 9 203
175:5 54 88 59 147 43 70 47 147 27 44 29 147 21 35 23 147
175:8 67 111 45 26 53 88 36 26 33 55 22 26 26 44 18 26
175:9 148 148 140 83 118 118 112 83 74 74 70 83 59 59 56 83
175:10 51 107 45 134 40 85 36 134 25 53 22 134 20 42 18 134
175:11 56 118 50 44 44 94 40 44 28 59 25 44 22 47 20 44
175:12 85 49 28 167 68 39 22 167 42 24 14 167 34 19 11 167
175:13 132 133 141 129 105 106 112 129 66 66 70 129 52 53 56 129
178 106 109 112 255 84 87 89 255 53 54 56 255 42 43 44 255
179 166 85 29 255 132 68 23 255 83 42 14 255 66 34 11 255
180 165 84 29 255 132 67 23 255 82 42 14 255 66 33 11 255
181 166 85 29 255 132 68 23 255 83 42 14 255 66 34 11 255
182 166 85 29 255 132 68 23 255 83 42 14 255 66 34 11 255
183 103 77 46 255 82 61 36 255 51 38 23 255 41 30 18 255
184 195 179 123 255 156 143 98 255 97 89 61 255 78 71 49 255
185 154 110 77 255 123 88 61 255 77 55 38 255 61 44 30 255
186 61 39 18 255 48 31 14 255 30 19 9 255 24 15 7 255
187 169 91 51 255 135 72 40 255 84 45 25 255 67 36 20 255
188 103 77 46 255 82 61 36 255 51 38 23 255 41 30 18 255
189 195 179 123 255 156 143 98 255 97 89 61 255 78 71 49 255
190 154 110 77 255 123 88 61 255 77 55 38 255 61 44 30 255
191 61 39 18 255 48 31 14 255 30 19 9 255 24 15 7 255
192 169 91 51 255 135 72 40 255 84 45 25 255 67 36 20 255
193 96 74 49 255 76 59 39 255 48 37 24 255 38 29 19 255
194 217 210 179 255 173 168 143 255 108 105 89 255 86 84 71 255
195 151 113 85 207 120 90 68 207 75 56 42 207 60 45 34 207
196 161 93 58 183 128 74 46 183 80 46 29 183 64 37 23 183
197 69 47 25 255 55 37 20 255 34 23 12 255 27 18 10 255

Biome Mapping
[RAINFOREST]	49	67	21	255	39	54	17	255	25	34	11	255	20	27	8	255
[SWAMPLAND]	64	128	0	255	51	102	0	255	32	64	0	255	26	51	0	255
[SEASONAL_FOREST]	51	165	42	255	41	132	34	255	26	83	21	255	20	66	17	255
[FOREST]	0	128	64	255	0	102	51	255	0	64	32	255	0	51	26	255
[SAVANNA]	58	58	58	255	46	46	46	255	29	29	29	255	23	23	23	255
[SHRUBLAND]	170	158	24	255	136	126	19	255	85	79	12	255	68	63	10	255
[TAIGA]	204	255	102	255	163	204	82	255	102	128	51	255	82	102	41	255
[DESERT]	255	255	102	255	204	204	82	255	128	128	51	255	102	102	41	255
[PLAINS]	255	204	102	255	204	163	82	255	128	102	51	255	102	82	41	255
[ICE_DESERT]	26	33	103	255	21	26	82	255	13	17	52	255	10	13	41	255
[TUNDRA]	222	222	222	255	178	178	178	255	111	111	111	255	89	89	89	255
[HELL]	255	0	0	255	204	0	0	255	128	0	0	255	102	0	0	255
[SKY]	102	204	255	255	82	163	204	255	51	102	128	255	41	82	102	255
[OCEAN]	0	0	255	255	0	0	204	255	0	0	128	255	0	0	102	255
[RIVER]	0	128	255	255	0	102	204	255	0	64	128	255	0	51	102	255
[EXTREME_HILLS]	128	64	0	255	102	51	0	255	64	32	0	255	51	26	0	255
[FROZEN_OCEAN]	102	255	204	255	82	204	163	255	51	128	102	255	41	102	82	255
[FROZEN_RIVER]	102	102	255	255	82	82	204	255	51	51	128	255	41	41	102	255
[ICE_PLAINS]	102	255	255	255	82	204	204	255	51	128	128	255	41	102	102	255
[ICE_MOUNTAINS]	255	255	255	255	204	204	204	255	128	128	128	255	102	102	102	255
[MUSHROOM_ISLAND]	255	111	207	255	204	89	166	255	128	56	104	255	102	44	83	255
[MUSHROOM_SHORE]	255	0	128	255	204	0	102	255	128	0	64	255	102	0	51	255
[BEACH]	255	206	75	255	230	185	68	255	255	206	75	255	179	144	53	255
[DESERT_HILLS]	255	146	51	255	230	131	46	255	255	146	51	255	179	102	36	255
[FOREST_HILLS]	0	162	100	255	0	146	90	255	0	162	100	255	0	113	70	255
[TAIGA_HILLS]	178	212	117	255	160	191	105	255	178	212	117	255	125	148	82	255
[SMALL_MOUNTAINS]	184	103	33	255	166	93	30	255	184	103	33	255	129	72	23	255
[JUNGLE]	49	67	21	255	39	54	17	255	25	34	11	255	20	27	8	255
[JUNGLE_HILLS]	33	44	14	255	26	36	12	255	16	22	7	255	13	18	6	255
Rainfall/Temperature Mapping
[RAINFALL-0.0]	120	120	120	255	96	96	96	255	60	60	60	255	48	48	48	255
[RAINFALL-1.0]	38	92	255	255	30	73	204	255	19	46	127	255	15	36	102	255
[TEMPERATURE-0.0]	38	92	255	255	30	73	204	255	19	46	127	255	15	36	102	255
[TEMPERATURE-0.5]	91	121	185	255	73	96	147	255	46	61	92	255	36	48	73	255
[TEMPERATURE-0.8]	51	165	42	255	41	131	33	255	26	82	21	255	20	65	17	255
[TEMPERATURE-0.9]	170	158	24	255	135	126	19	255	85	79	12	255	67	62	10	255
[TEMPERATURE-0.95]	204	111	48	255	162	89	38	255	102	56	24	255	81	44	19	255
[TEMPERATURE-1.0]	143	39	36	255	114	31	28	255	71	20	18	255	57	16	14	255
