1 118 115 107 255 94 92 85 255 59 57 53 255 47 46 42 255
1:1 142 96 76 255 113 76 60 255 71 48 38 255 56 38 30 255
1:2 152 104 82 255 121 83 65 255 76 52 41 255 60 41 32 255
1:3 181 184 181 255 144 147 144 255 90 92 90 255 72 73 72 255
1:4 186 189 186 255 148 151 148 255 93 94 93 255 74 75 74 255
1:5 121 117 104 255 96 93 83 255 60 58 52 255 48 46 41 255
1:6 119 115 103 255 95 92 82 255 59 57 51 255 47 46 41 255
2 42 80 22 255 33 64 17 255 21 40 11 255 16 32 8 255
3 86 60 40 255 68 48 32 255 43 30 20 255 34 24 16 255
3:2 49 41 27 255 39 32 21 255 24 20 13 255 19 16 10 255
4 98 94 87 255 78 75 69 255 49 47 43 255 39 37 34 255
5 106 84 51 255 84 67 40 255 53 42 25 255 42 33 20 255
5:1 79 53 25 255 63 42 20 255 39 26 12 255 31 21 10 255
5:2 183 142 82 255 146 113 65 255 91 71 41 255 73 56 32 255
5:3 107 64 33 255 85 51 26 255 53 32 16 255 42 25 13 255
5:4 132 80 52 255 105 64 41 255 66 40 26 255 52 32 20 255
5:5 46 33 18 255 36 26 14 255 23 16 9 255 18 13 7 255
6 50 74 19 97 40 59 15 97 25 37 9 97 20 29 7 97
6:1 11 40 27 75 8 32 21 75 5 20 13 75 4 16 10 75
6:2 110 123 66 51 88 98 52 51 55 61 33 51 44 49 26 51
6:3 67 81 22 87 53 64 17 87 33 40 11 87 26 32 8 87
6:4 70 79 16 91 56 63 12 91 35 39 8 91 28 31 6 91
6:5 47 70 19 102 37 56 15 102 23 35 9 102 18 28 7 102
6:9 11 40 27 75 8 32 21 75 5 20 13 75 4 16 10 75
6:10 110 123 66 51 88 98 52 51 55 61 33 51 44 49 26 51
6:11 67 81 22 87 53 64 17 87 33 40 11 87 26 32 8 87
6:12 70 79 16 91 56 63 12 91 35 39 8 91 28 31 6 91
6:13 47 70 19 102 37 56 15 102 23 35 9 102 18 28 7 102
7 23 23 24 255 18 18 19 255 11 11 12 255 9 9 9 255
8 107 212 243 179 85 169 194 179 53 106 121 179 42 84 97 179
9 98 204 243 179 78 163 194 179 49 102 121 179 39 81 97 179
9:1 107 212 243 179 85 169 194 179 53 106 121 179 42 84 97 179
9:2 107 212 243 179 85 169 194 179 53 106 121 179 42 84 97 179
9:3 107 212 243 179 85 169 194 179 53 106 121 179 42 84 97 179
9:4 107 212 243 179 85 169 194 179 53 106 121 179 42 84 97 179
9:5 107 212 243 179 85 169 194 179 53 106 121 179 42 84 97 179
9:6 107 212 243 179 85 169 194 179 53 106 121 179 42 84 97 179
9:7 107 212 243 179 85 169 194 179 53 106 121 179 42 84 97 179
10 179 102 3 255 143 81 2 255 89 51 1 255 71 40 1 255
11 164 87 4 255 131 69 3 255 82 43 2 255 65 34 1 255
12 206 184 112 255 164 147 89 255 103 92 56 255 82 73 44 255
12:1 165 100 44 255 132 80 35 255 82 50 22 255 66 40 17 255
13 138 127 123 255 110 101 98 255 69 63 61 255 55 50 49 255
14 132 126 95 255 105 100 76 255 66 63 47 255 52 50 38 255
15 133 127 114 255 106 101 91 255 66 63 57 255 53 50 45 255
16 101 98 92 255 80 78 73 255 50 49 46 255 40 39 36 255
17 161 128 80 255 128 102 64 255 80 64 40 255 64 51 32 255
17:1 94 71 40 255 75 56 32 255 47 35 20 255 37 28 16 255
17:2 163 136 85 255 130 108 68 255 81 68 42 255 65 54 34 255
17:3 145 110 68 255 116 88 54 255 72 55 34 255 58 44 27 255
17:4 91 72 43 255 72 57 34 255 45 36 21 255 36 28 17 255
17:5 41 26 8 255 32 20 6 255 20 13 4 255 16 10 3 255
17:6 207 209 200 255 165 167 160 255 103 104 100 255 82 83 80 255
17:7 84 67 26 255 67 53 20 255 42 33 13 255 33 26 10 255
17:8 91 72 43 255 72 57 34 255 45 36 21 255 36 28 17 255
17:9 41 26 8 255 32 20 6 255 20 13 4 255 16 10 3 255
17:10 207 209 200 255 165 167 160 255 103 104 100 255 82 83 80 255
17:11 84 67 26 255 67 53 20 255 42 33 13 255 33 26 10 255
17:12 91 72 43 255 72 57 34 255 45 36 21 255 36 28 17 255
17:13 41 26 8 255 32 20 6 255 20 13 4 255 16 10 3 255
17:14 207 209 200 255 165 167 160 255 103 104 100 255 82 83 80 255
17:15 84 67 26 255 67 53 20 255 42 33 13 255 33 26 10 255
18 32 67 20 232 25 53 16 232 16 33 10 232 12 26 8 232
18:1 39 68 33 208 31 54 26 208 19 34 16 208 15 27 13 208
18:2 67 88 45 220 53 70 36 220 33 44 22 220 26 35 18 220
18:3 29 59 16 240 23 47 12 240 14 29 8 240 11 23 6 240
18:5 39 68 33 208 31 54 26 208 19 34 16 208 15 27 13 208
18:6 67 88 45 220 53 70 36 220 33 44 22 220 26 35 18 220
18:7 29 59 16 240 23 47 12 240 14 29 8 240 11 23 6 240
18:9 39 68 33 208 31 54 26 208 19 34 16 208 15 27 13 208
18:10 67 88 45 220 53 70 36 220 33 44 22 220 26 35 18 220
18:11 29 59 16 240 23 47 12 240 14 29 8 240 11 23 6 240
18:13 39 68 33 208 31 54 26 208 19 34 16 208 15 27 13 208
18:14 67 88 45 220 53 70 36 220 33 44 22 220 26 35 18 220
18:15 29 59 16 240 23 47 12 240 14 29 8 240 11 23 6 240
19 210 210 76 255 168 168 60 255 105 105 38 255 84 84 30 255
19:1 171 174 68 255 136 139 54 255 85 87 34 255 68 69 27 255
20 113 95 70 87 90 76 56 87 56 47 35 87 45 38 28 87
21 103 102 113 255 82 81 90 255 51 51 56 255 41 40 45 255
22 34 53 135 255 27 42 108 255 17 26 67 255 13 21 54 255
23 92 83 71 255 73 66 56 255 46 41 35 255 36 33 28 255
23:1 96 90 79 255 76 72 63 255 48 45 39 255 38 36 31 255
23:9 96 90 79 255 76 72 63 255 48 45 39 255 38 36 31 255
24 236 228 167 255 188 182 133 255 118 114 83 255 94 91 66 255
25 79 50 27 255 63 40 21 255 39 25 13 255 31 20 10 255
26 66 86 109 255 52 68 87 255 33 43 54 255 26 34 43 255
26:8 177 185 185 255 141 148 148 255 88 92 92 255 70 74 74 255
26:9 177 185 185 255 141 148 148 255 88 92 92 255 70 74 74 255
26:10 177 185 185 255 141 148 148 255 88 92 92 255 70 74 74 255
26:11 177 185 185 255 141 148 148 255 88 92 92 255 70 74 74 255
27 113 97 61 198 90 77 48 198 56 48 30 198 45 38 24 198
27:8 120 97 62 200 96 77 49 200 60 48 31 200 48 38 24 200
27:9 120 97 62 200 96 77 49 200 60 48 31 200 48 38 24 200
27:10 120 97 62 200 96 77 49 200 60 48 31 200 48 38 24 200
27:11 120 97 62 200 96 77 49 200 60 48 31 200 48 38 24 200
27:12 120 97 62 200 96 77 49 200 60 48 31 200 48 38 24 200
27:13 120 97 62 200 96 77 49 200 60 48 31 200 48 38 24 200
28 96 92 89 203 76 73 71 203 48 46 44 203 38 36 35 203
29 99 95 85 255 79 76 68 255 49 47 42 255 39 38 34 255
29:1 81 73 35 255 64 58 28 255 40 36 17 255 32 29 14 255
29:2 96 87 69 255 76 69 55 255 48 43 34 255 38 34 27 255
29:3 96 87 69 255 76 69 55 255 48 43 34 255 38 34 27 255
29:4 96 87 69 255 76 69 55 255 48 43 34 255 38 34 27 255
29:5 96 87 69 255 76 69 55 255 48 43 34 255 38 34 27 255
29:9 93 82 65 255 74 65 52 255 46 41 32 255 37 32 26 255
29:10 97 91 76 207 77 72 60 207 48 45 38 207 38 36 30 207
29:11 97 91 76 207 77 72 60 207 48 45 38 207 38 36 30 207
29:12 97 91 76 207 77 72 60 207 48 45 38 207 38 36 30 207
29:13 97 91 76 207 77 72 60 207 48 45 38 207 38 36 30 207
30 255 255 255 78 204 204 204 78 127 127 127 78 102 102 102 78
31 106 67 26 50 84 53 20 50 53 33 13 50 42 26 10 50
31:1 32 61 17 98 25 48 13 98 16 30 8 98 12 24 6 98
31:2 32 60 17 81 25 48 13 81 16 30 8 81 12 24 6 81
32 106 67 26 50 84 53 20 50 53 33 13 50 42 26 10 50
33 99 95 85 255 79 76 68 255 49 47 42 255 39 38 34 255
33:1 79 59 30 255 63 47 24 255 39 29 15 255 31 23 12 255
33:2 96 87 69 255 76 69 55 255 48 43 34 255 38 34 27 255
33:3 96 87 69 255 76 69 55 255 48 43 34 255 38 34 27 255
33:4 96 87 69 255 76 69 55 255 48 43 34 255 38 34 27 255
33:5 96 87 69 255 76 69 55 255 48 43 34 255 38 34 27 255
33:9 93 82 65 255 74 65 52 255 46 41 32 255 37 32 26 255
33:10 97 91 76 207 77 72 60 207 48 45 38 207 38 36 30 207
33:11 97 91 76 207 77 72 60 207 48 45 38 207 38 36 30 207
33:12 97 91 76 207 77 72 60 207 48 45 38 207 38 36 30 207
33:13 97 91 76 207 77 72 60 207 48 45 38 207 38 36 30 207
34 96 83 68 255 76 66 54 255 48 41 34 255 38 33 27 255
34:1 81 60 32 255 64 48 25 255 40 30 16 255 32 24 12 255
34:2 96 76 46 111 76 60 36 111 48 38 23 111 38 30 18 111
34:3 96 76 46 111 76 60 36 111 48 38 23 111 38 30 18 111
34:4 96 76 46 111 76 60 36 111 48 38 23 111 38 30 18 111
34:5 96 76 46 111 76 60 36 111 48 38 23 111 38 30 18 111
34:9 83 74 37 255 66 59 29 255 41 37 18 255 33 29 14 255
34:10 96 76 46 111 76 60 36 111 48 38 23 111 38 30 18 111
34:11 96 76 46 111 76 60 36 111 48 38 23 111 38 30 18 111
34:12 96 76 46 111 76 60 36 111 48 38 23 111 38 30 18 111
34:13 96 76 46 111 76 60 36 111 48 38 23 111 38 30 18 111
35 236 236 236 255 188 188 188 255 118 118 118 255 94 94 94 255
35:1 232 120 43 255 185 96 34 255 116 60 21 255 92 48 17 255
35:2 185 57 196 255 148 45 156 255 92 28 98 255 74 22 78 255
35:3 82 121 205 255 65 96 164 255 41 60 102 255 32 48 82 255
35:4 209 194 29 255 167 155 23 255 104 97 14 255 83 77 11 255
35:5 53 177 42 255 42 141 33 255 26 88 21 255 21 70 16 255
35:6 215 127 151 255 172 101 120 255 107 63 75 255 86 50 60 255
35:7 64 64 64 255 51 51 51 255 32 32 32 255 25 25 25 255
35:8 136 146 146 255 108 116 116 255 68 73 73 255 54 58 58 255
35:9 41 124 159 255 32 99 127 255 20 62 79 255 16 49 63 255
35:10 124 47 192 255 99 37 153 255 62 23 96 255 49 18 76 255
35:11 36 48 147 255 28 38 117 255 18 24 73 255 14 19 58 255
35:12 80 47 25 255 64 37 20 255 40 23 12 255 32 18 10 255
35:13 52 72 22 255 41 57 17 255 26 36 11 255 20 28 8 255
35:14 154 41 37 255 123 32 29 255 77 20 18 255 61 16 14 255
35:15 11 11 11 255 8 8 8 255 5 5 5 255 4 4 4 255
37 144 148 34 56 115 118 27 56 72 74 17 56 57 59 13 56
38 105 30 18 53 84 24 14 53 52 15 9 53 42 12 7 53
38:1 28 113 155 76 22 90 124 76 14 56 77 76 11 45 62 76
38:2 149 107 186 59 119 85 148 59 74 53 93 59 59 42 74 59
38:3 150 153 167 73 120 122 133 73 75 76 83 73 60 61 66 73
38:4 76 57 17 66 60 45 13 66 38 28 8 66 30 22 6 66
38:5 85 73 22 66 68 58 17 66 42 36 11 66 34 29 8 66
38:6 88 111 76 67 70 88 60 67 44 55 38 67 35 44 30 67
38:7 92 99 80 66 73 79 64 66 46 49 40 66 36 39 32 66
38:8 159 166 146 59 127 132 116 59 79 83 73 59 63 66 58 59
39 152 117 89 44 121 93 71 44 76 58 44 44 60 46 35 44
40 170 101 83 35 136 80 66 35 85 50 41 35 68 40 33 35
41 208 182 36 255 166 145 28 255 104 91 18 255 83 72 14 255
42 137 140 130 255 109 112 104 255 68 70 65 255 54 56 52 255
43 155 152 144 255 124 121 115 255 77 76 72 255 62 60 57 255
43:1 236 228 167 255 188 182 133 255 118 114 83 255 94 91 66 255
43:2 106 84 51 255 84 67 40 255 53 42 25 255 42 33 20 255
43:3 98 94 87 255 78 75 69 255 49 47 43 255 39 37 34 255
43:4 124 63 47 255 99 50 37 255 62 31 23 255 49 25 18 255
43:5 118 118 114 255 94 94 91 255 59 59 57 255 47 47 45 255
43:6 44 21 25 255 35 16 20 255 22 10 12 255 17 8 10 255
43:7 235 233 227 255 188 186 181 255 117 116 113 255 94 93 90 255
43:8 159 154 150 255 127 123 120 255 79 77 75 255 63 61 60 255
43:9 242 230 174 255 193 184 139 255 121 115 87 255 96 92 69 255
43:10 106 84 51 255 84 67 40 255 53 42 25 255 42 33 20 255
43:11 101 95 91 255 80 76 72 255 50 47 45 255 40 38 36 255
43:12 124 63 47 255 99 50 37 255 62 31 23 255 49 25 18 255
43:13 121 119 119 255 96 95 95 255 60 59 59 255 48 47 47 255
43:14 44 21 25 255 35 16 20 255 22 10 12 255 17 8 10 255
43:15 235 233 227 255 188 186 181 255 117 116 113 255 94 93 90 255
44 155 152 144 255 124 121 115 255 77 76 72 255 62 60 57 255
44:1 236 228 167 255 188 182 133 255 118 114 83 255 94 91 66 255
44:2 106 84 51 255 84 67 40 255 53 42 25 255 42 33 20 255
44:3 98 94 87 255 78 75 69 255 49 47 43 255 39 37 34 255
44:4 124 63 47 255 99 50 37 255 62 31 23 255 49 25 18 255
44:5 118 118 114 255 94 94 91 255 59 59 57 255 47 47 45 255
44:6 44 21 25 255 35 16 20 255 22 10 12 255 17 8 10 255
44:7 235 233 227 255 188 186 181 255 117 116 113 255 94 93 90 255
44:9 236 228 167 255 188 182 133 255 118 114 83 255 94 91 66 255
44:10 106 84 51 255 84 67 40 255 53 42 25 255 42 33 20 255
44:11 98 94 87 255 78 75 69 255 49 47 43 255 39 37 34 255
44:12 121 62 45 255 96 49 36 255 60 31 22 255 48 24 18 255
44:13 118 118 114 255 94 94 91 255 59 59 57 255 47 47 45 255
44:14 44 21 25 255 35 16 20 255 22 10 12 255 17 8 10 255
44:15 235 233 227 255 188 186 181 255 117 116 113 255 94 93 90 255
45 124 63 47 255 99 50 37 255 62 31 23 255 49 25 18 255
46 133 74 49 255 106 59 39 255 66 37 24 255 53 29 19 255
47 106 84 51 255 84 67 40 255 53 42 25 255 42 33 20 255
48 88 90 76 255 70 72 60 255 44 45 38 255 35 36 30 255
49 36 30 48 255 28 24 38 255 18 15 24 255 14 12 19 255
50 72 60 45 25 57 48 36 25 36 30 22 25 28 24 18 25
51 222 153 33 77 177 122 26 77 111 76 16 77 88 61 13 77
52 105 103 78 186 84 82 62 186 52 51 39 186 42 41 31 186
53 106 84 51 255 84 67 40 255 53 42 25 255 42 33 20 255
54 94 51 30 197 75 40 24 197 47 25 15 197 37 20 12 197
54:4 97 45 25 210 77 36 20 210 48 22 12 210 38 18 10 210
54:5 97 45 25 210 77 36 20 210 48 22 12 210 38 18 10 210
54:6 97 45 25 210 77 36 20 210 48 22 12 210 38 18 10 210
54:7 97 45 25 210 77 36 20 210 48 22 12 210 38 18 10 210
54:8 96 45 25 210 76 36 20 210 48 22 12 210 38 18 10 210
54:9 96 45 25 210 76 36 20 210 48 22 12 210 38 18 10 210
54:10 96 45 25 210 76 36 20 210 48 22 12 210 38 18 10 210
54:11 96 45 25 210 76 36 20 210 48 22 12 210 38 18 10 210
55 160 160 160 15 128 128 128 15 80 80 80 15 64 64 64 15
56 127 134 126 255 101 107 100 255 63 67 63 255 50 53 50 255
57 122 147 131 255 97 117 104 255 61 73 65 255 48 58 52 255
58 205 196 172 255 164 156 137 255 102 98 86 255 82 78 68 255
59 69 124 1 13 55 99 0 13 34 62 0 13 27 49 0 13
59:1 85 127 35 35 68 101 28 35 42 63 17 35 34 50 14 35
59:2 82 115 40 74 65 92 32 74 41 57 20 74 32 46 16 74
59:3 86 131 48 110 68 104 38 110 43 65 24 110 34 52 19 110
59:4 121 148 54 130 96 118 43 130 60 74 27 130 48 59 21 130
59:5 149 153 61 149 119 122 48 149 74 76 30 149 59 61 24 149
59:6 173 157 67 168 138 125 53 168 86 78 33 168 69 62 26 168
59:7 187 153 64 185 149 122 51 185 93 76 32 185 74 61 25 185
59:8 187 153 64 185 149 122 51 185 93 76 32 185 74 61 25 185
59:9 187 153 64 185 149 122 51 185 93 76 32 185 74 61 25 185
59:10 187 153 64 185 149 122 51 185 93 76 32 185 74 61 25 185
59:11 187 153 64 185 149 122 51 185 93 76 32 185 74 61 25 185
59:12 187 153 64 185 149 122 51 185 93 76 32 185 74 61 25 185
59:13 187 153 64 185 149 122 51 185 93 76 32 185 74 61 25 185
59:14 187 153 64 185 149 122 51 185 93 76 32 185 74 61 25 185
59:15 187 153 64 185 149 122 51 185 93 76 32 185 74 61 25 185
60 93 59 33 255 74 47 26 255 46 29 16 255 37 23 13 255
60:1 61 32 9 255 48 25 7 255 30 16 4 255 24 12 3 255
60:2 61 32 9 255 48 25 7 255 30 16 4 255 24 12 3 255
60:3 61 32 9 255 48 25 7 255 30 16 4 255 24 12 3 255
60:4 61 32 9 255 48 25 7 255 30 16 4 255 24 12 3 255
60:5 61 32 9 255 48 25 7 255 30 16 4 255 24 12 3 255
60:6 61 32 9 255 48 25 7 255 30 16 4 255 24 12 3 255
60:7 61 32 9 255 48 25 7 255 30 16 4 255 24 12 3 255
60:8 61 32 9 255 48 25 7 255 30 16 4 255 24 12 3 255
60:9 61 32 9 255 48 25 7 255 30 16 4 255 24 12 3 255
60:10 61 32 9 255 48 25 7 255 30 16 4 255 24 12 3 255
60:11 61 32 9 255 48 25 7 255 30 16 4 255 24 12 3 255
60:12 61 32 9 255 48 25 7 255 30 16 4 255 24 12 3 255
60:13 61 32 9 255 48 25 7 255 30 16 4 255 24 12 3 255
60:14 61 32 9 255 48 25 7 255 30 16 4 255 24 12 3 255
60:15 61 32 9 255 48 25 7 255 30 16 4 255 24 12 3 255
61:2 92 83 71 255 73 66 56 255 46 41 35 255 36 33 28 255
61:3 92 83 71 255 73 66 56 255 46 41 35 255 36 33 28 255
61:4 92 83 71 255 73 66 56 255 46 41 35 255 36 33 28 255
61:5 92 83 71 255 73 66 56 255 46 41 35 255 36 33 28 255
62:2 92 83 71 255 73 66 56 255 46 41 35 255 36 33 28 255
62:3 92 83 71 255 73 66 56 255 46 41 35 255 36 33 28 255
62:4 92 83 71 255 73 66 56 255 46 41 35 255 36 33 28 255
62:5 92 83 71 255 73 66 56 255 46 41 35 255 36 33 28 255
63 120 92 53 10 96 73 42 10 60 46 26 10 48 36 21 10
64 88 70 43 239 70 56 34 239 44 35 21 239 35 28 17 239
65 75 61 40 225 60 48 32 225 37 30 20 225 30 24 16 225
66 84 78 72 177 67 62 57 177 42 39 36 177 33 31 28 177
66:6 85 79 73 137 68 63 58 137 42 39 36 137 34 31 29 137
66:7 85 79 73 137 68 63 58 137 42 39 36 137 34 31 29 137
66:8 85 79 73 137 68 63 58 137 42 39 36 137 34 31 29 137
66:9 85 79 73 137 68 63 58 137 42 39 36 137 34 31 29 137
67 98 94 87 255 78 75 69 255 49 47 43 255 39 37 34 255
68 120 92 53 10 96 73 42 10 60 46 26 10 48 36 21 10
69 101 95 91 255 80 76 72 255 50 47 45 255 40 38 36 255
70 118 115 107 255 94 92 85 255 59 57 53 255 47 46 42 255
71 94 91 77 195 75 72 61 195 47 45 38 195 37 36 30 195
72 106 84 51 255 84 67 40 255 53 42 25 255 42 33 20 255
73 128 104 97 255 102 83 77 255 64 52 48 255 51 41 38 255
74 128 104 97 255 102 83 77 255 64 52 48 255 51 41 38 255
75:1 65 44 31 79 52 35 24 79 32 22 15 79 26 17 12 79
75:2 65 44 31 79 52 35 24 79 32 22 15 79 26 17 12 79
75:3 65 44 31 79 52 35 24 79 32 22 15 79 26 17 12 79
75:4 65 44 31 79 52 35 24 79 32 22 15 79 26 17 12 79
75:5 65 44 31 79 52 35 24 79 32 22 15 79 26 17 12 79
76:1 110 44 31 79 88 35 24 79 55 22 15 79 44 17 12 79
76:2 110 44 31 79 88 35 24 79 55 22 15 79 44 17 12 79
76:3 110 44 31 79 88 35 24 79 55 22 15 79 44 17 12 79
76:4 110 44 31 79 88 35 24 79 55 22 15 79 44 17 12 79
76:5 110 44 31 79 88 35 24 79 55 22 15 79 44 17 12 79
77 121 116 112 255 96 92 89 255 60 58 56 255 48 46 44 255
78 231 250 255 255 184 200 204 255 115 125 127 255 92 100 102 255
79 176 229 253 149 140 183 202 149 88 114 126 149 70 91 101 149
80 231 250 255 255 184 200 204 255 115 125 127 255 92 100 102 255
81 94 134 70 195 75 107 56 195 47 67 35 195 37 53 28 195
82 124 129 139 255 99 103 111 255 62 64 69 255 49 51 55 255
83 121 125 24 194 96 100 19 194 60 62 12 194 48 50 9 194
84 61 41 24 255 48 32 19 255 30 20 12 255 24 16 9 255
85 106 84 51 255 84 67 40 255 53 42 25 255 42 33 20 255
86 202 92 24 255 161 73 19 255 101 46 12 255 80 36 9 255
87 88 19 19 255 70 15 15 255 44 9 9 255 35 7 7 255
88 50 37 30 255 40 29 24 255 25 18 15 255 20 14 12 255
89 161 101 0 255 128 80 0 255 80 50 0 255 64 40 0 255
90 130 52 186 179 104 41 148 179 65 26 93 179 52 20 74 179
91 202 92 24 255 161 73 19 255 101 46 12 255 80 36 9 255
92 208 190 201 224 166 152 160 224 104 95 100 224 83 76 80 224
93 142 132 124 255 113 105 99 255 71 66 62 255 56 52 49 255
94 155 133 125 255 124 106 100 255 77 66 62 255 62 53 50 255
95 245 245 245 91 196 196 196 91 122 122 122 91 98 98 98 91
95:1 199 123 57 131 159 98 45 131 99 61 28 131 79 49 22 131
95:2 168 84 200 81 134 67 160 81 84 42 100 81 67 33 80 81
95:3 101 144 199 131 80 115 159 131 50 72 99 131 40 57 79 131
95:4 211 211 60 106 168 168 48 106 105 105 30 106 84 84 24 106
95:5 127 190 42 81 101 152 33 81 63 95 21 81 50 76 16 81
95:6 222 127 158 81 177 101 126 81 111 63 79 81 88 50 63 81
95:7 78 78 78 131 62 62 62 131 39 39 39 131 31 31 31 131
95:8 144 144 144 131 115 115 115 131 72 72 72 131 57 57 57 131
95:9 84 127 148 81 67 101 118 81 42 63 74 81 33 50 59 81
95:10 127 73 168 81 101 58 134 81 63 36 84 81 50 29 67 81
95:11 64 84 168 81 51 67 134 81 32 42 84 81 25 33 67 81
95:12 101 78 57 131 80 62 45 131 50 39 28 131 40 31 22 131
95:13 103 124 60 106 82 99 48 106 51 62 30 106 41 49 24 106
95:14 148 64 64 81 118 51 51 81 74 32 32 81 59 25 25 81
95:15 12 12 12 130 9 9 9 130 6 6 6 130 4 4 4 130
96 71 59 38 255 56 47 30 255 35 29 19 255 28 23 15 255
97 118 115 107 255 94 92 85 255 59 57 53 255 47 46 42 255
97:1 98 94 87 255 78 75 69 255 49 47 43 255 39 37 34 255
97:2 118 118 114 255 94 94 91 255 59 59 57 255 47 47 45 255
98 118 118 114 255 94 94 91 255 59 59 57 255 47 47 45 255
98:1 109 114 103 255 87 91 82 255 54 57 51 255 43 45 41 255
98:2 111 111 106 255 88 88 84 255 55 55 53 255 44 44 42 255
98:3 113 112 107 255 90 89 85 255 56 56 53 255 45 44 42 255
99 202 164 106 255 161 131 84 255 101 82 53 255 80 65 42 255
99:1 143 108 84 255 114 86 67 255 71 54 42 255 57 43 33 255
99:2 143 108 84 255 114 86 67 255 71 54 42 255 57 43 33 255
99:3 143 108 84 255 114 86 67 255 71 54 42 255 57 43 33 255
99:4 143 108 84 255 114 86 67 255 71 54 42 255 57 43 33 255
99:5 143 108 84 255 114 86 67 255 71 54 42 255 57 43 33 255
99:6 143 108 84 255 114 86 67 255 71 54 42 255 57 43 33 255
99:7 143 108 84 255 114 86 67 255 71 54 42 255 57 43 33 255
99:8 143 108 84 255 114 86 67 255 71 54 42 255 57 43 33 255
99:9 143 108 84 255 114 86 67 255 71 54 42 255 57 43 33 255
99:14 143 108 84 255 114 86 67 255 71 54 42 255 57 43 33 255
99:15 204 199 185 255 163 159 148 255 102 99 92 255 81 79 74 255
100 202 164 106 255 161 131 84 255 101 82 53 255 80 65 42 255
100:1 186 52 46 255 148 41 36 255 93 26 23 255 74 20 18 255
100:2 186 52 46 255 148 41 36 255 93 26 23 255 74 20 18 255
100:3 186 52 46 255 148 41 36 255 93 26 23 255 74 20 18 255
100:4 186 52 46 255 148 41 36 255 93 26 23 255 74 20 18 255
100:5 186 52 46 255 148 41 36 255 93 26 23 255 74 20 18 255
100:6 186 52 46 255 148 41 36 255 93 26 23 255 74 20 18 255
100:7 186 52 46 255 148 41 36 255 93 26 23 255 74 20 18 255
100:8 186 52 46 255 148 41 36 255 93 26 23 255 74 20 18 255
100:9 186 52 46 255 148 41 36 255 93 26 23 255 74 20 18 255
100:14 186 52 46 255 148 41 36 255 93 26 23 255 74 20 18 255
100:15 204 199 185 255 163 159 148 255 102 99 92 255 81 79 74 255
101 109 106 80 115 87 84 64 115 54 53 40 115 43 42 32 115
102 113 95 70 87 90 76 56 87 56 47 35 87 45 38 28 87
103 1 101 31 255 0 80 24 255 0 50 15 255 0 40 12 255
104 44 84 23 41 35 67 18 41 22 42 11 41 17 33 9 41
105 44 84 23 41 35 67 18 41 22 42 11 41 17 33 9 41
106 32 65 18 116 25 52 14 116 16 32 9 116 12 26 7 116
107 106 84 51 255 84 67 40 255 53 42 25 255 42 33 20 255
108 124 63 47 255 99 50 37 255 62 31 23 255 49 25 18 255
109 118 118 114 255 94 94 91 255 59 59 57 255 47 47 45 255
110 141 114 129 255 112 91 103 255 70 57 64 255 56 45 51 255
111 15 61 23 152 12 48 18 152 7 30 11 152 6 24 9 152
112 44 21 25 255 35 16 20 255 22 10 12 255 17 8 10 255
113 44 21 25 255 35 16 20 255 22 10 12 255 17 8 10 255
114 44 21 25 255 35 16 20 255 22 10 12 255 17 8 10 255
115 84 13 23 45 67 10 18 45 42 6 11 45 33 5 9 45
115:1 82 17 23 110 65 13 18 110 41 8 11 110 32 6 9 110
115:2 82 17 23 110 65 13 18 110 41 8 11 110 32 6 9 110
115:3 89 17 24 183 71 13 19 183 44 8 12 183 35 6 9 183
115:4 89 17 24 183 71 13 19 183 44 8 12 183 35 6 9 183
115:5 89 17 24 183 71 13 19 183 44 8 12 183 35 6 9 183
115:6 89 17 24 183 71 13 19 183 44 8 12 183 35 6 9 183
115:7 89 17 24 183 71 13 19 183 44 8 12 183 35 6 9 183
116 148 80 65 255 118 64 52 255 74 40 32 255 59 32 26 255
117 135 96 56 97 108 76 44 97 67 48 28 97 54 38 22 97
118 38 38 38 111 30 30 30 111 19 19 19 111 15 15 15 111
119 36 30 48 255 28 24 38 255 18 15 24 255 14 12 19 255
120 88 116 97 255 70 92 77 255 44 58 48 255 35 46 38 255
120:4 68 115 89 95 54 92 71 95 34 57 44 95 27 46 35 95
120:5 68 115 89 95 54 92 71 95 34 57 44 95 27 46 35 95
120:6 68 115 89 95 54 92 71 95 34 57 44 95 27 46 35 95
120:7 68 115 89 95 54 92 71 95 34 57 44 95 27 46 35 95
121 217 218 162 255 173 174 129 255 108 109 81 255 86 87 64 255
122 19 8 23 255 15 6 18 255 9 4 11 255 7 3 9 255
123 55 50 40 255 44 40 32 255 27 25 20 255 22 20 16 255
124 184 171 92 255 147 136 73 255 92 85 46 255 73 68 36 255
125 106 84 51 255 84 67 40 255 53 42 25 255 42 33 20 255
125:1 79 53 25 255 63 42 20 255 39 26 12 255 31 21 10 255
125:2 183 142 82 255 146 113 65 255 91 71 41 255 73 56 32 255
125:3 107 64 33 255 85 51 26 255 53 32 16 255 42 25 13 255
125:4 132 80 52 255 105 64 41 255 66 40 26 255 52 32 20 255
125:5 46 33 18 255 36 26 14 255 23 16 9 255 18 13 7 255
125:9 79 53 25 255 63 42 20 255 39 26 12 255 31 21 10 255
125:10 183 142 82 255 146 113 65 255 91 71 41 255 73 56 32 255
125:11 107 64 33 255 85 51 26 255 53 32 16 255 42 25 13 255
125:12 132 80 52 255 105 64 41 255 66 40 26 255 52 32 20 255
125:13 46 33 18 255 36 26 14 255 23 16 9 255 18 13 7 255
126 106 84 51 255 84 67 40 255 53 42 25 255 42 33 20 255
126:1 79 53 25 255 63 42 20 255 39 26 12 255 31 21 10 255
126:2 183 142 82 255 146 113 65 255 91 71 41 255 73 56 32 255
126:3 107 64 33 255 85 51 26 255 53 32 16 255 42 25 13 255
126:4 132 80 52 255 105 64 41 255 66 40 26 255 52 32 20 255
126:5 46 33 18 255 36 26 14 255 23 16 9 255 18 13 7 255
126:9 79 53 25 255 63 42 20 255 39 26 12 255 31 21 10 255
126:10 183 142 82 255 146 113 65 255 91 71 41 255 73 56 32 255
126:11 107 64 33 255 85 51 26 255 53 32 16 255 42 25 13 255
126:12 132 80 52 255 105 64 41 255 66 40 26 255 52 32 20 255
126:13 46 33 18 255 36 26 14 255 23 16 9 255 18 13 7 255
127 103 47 13 130 82 37 10 130 51 23 6 130 41 18 5 130
128 234 225 164 255 187 180 131 255 117 112 82 255 93 90 65 255
129 106 134 109 255 84 107 87 255 53 67 54 255 42 53 43 255
130:2 42 46 47 197 33 36 37 197 21 23 23 197 16 18 18 197
130:3 42 46 47 197 33 36 37 197 21 23 23 197 16 18 18 197
130:4 42 46 47 197 33 36 37 197 21 23 23 197 16 18 18 197
130:5 42 46 47 197 33 36 37 197 21 23 23 197 16 18 18 197
131 101 95 91 255 80 76 72 255 50 47 45 255 40 38 36 255
133 98 147 104 255 78 117 83 255 49 73 52 255 39 58 41 255
134 79 53 25 255 63 42 20 255 39 26 12 255 31 21 10 255
135 183 142 82 255 146 113 65 255 91 71 41 255 73 56 32 255
136 107 64 33 255 85 51 26 255 53 32 16 255 42 25 13 255
137 74 72 54 255 59 57 43 255 37 36 27 255 29 28 21 255
138 113 95 70 87 90 76 56 87 56 47 35 87 45 38 28 87
139 98 94 87 255 78 75 69 255 49 47 43 255 39 37 34 255
139:1 88 90 76 255 70 72 60 255 44 45 38 255 35 36 30 255
140 131 76 54 49 104 60 43 49 65 38 27 49 52 30 21 49
141 32 134 12 33 25 107 9 33 16 67 6 33 12 53 4 33
141:2 25 125 15 57 20 100 12 57 12 62 7 57 10 50 6 57
141:3 25 125 15 57 20 100 12 57 12 62 7 57 10 50 6 57
141:4 30 120 20 82 24 96 16 82 15 60 10 82 12 48 8 82
141:5 30 120 20 82 24 96 16 82 15 60 10 82 12 48 8 82
141:6 30 120 20 82 24 96 16 82 15 60 10 82 12 48 8 82
141:7 77 115 17 111 61 92 13 111 38 57 8 111 30 46 6 111
142 60 105 41 33 48 84 32 33 30 52 20 33 24 42 16 33
142:2 62 109 43 57 49 87 34 57 31 54 21 57 24 43 17 57
142:3 62 109 43 57 49 87 34 57 31 54 21 57 24 43 17 57
142:4 69 112 43 82 55 89 34 82 34 56 21 82 27 44 17 82
142:5 69 112 43 82 55 89 34 82 34 56 21 82 27 44 17 82
142:6 69 112 43 82 55 89 34 82 34 56 21 82 27 44 17 82
142:7 108 122 49 92 86 97 39 92 54 61 24 92 43 48 19 92
143 106 84 51 255 84 67 40 255 53 42 25 255 42 33 20 255
145 65 65 65 255 52 52 52 255 32 32 32 255 26 26 26 255
146 94 51 30 197 75 40 24 197 47 25 15 197 37 20 12 197
146:4 97 45 25 210 77 36 20 210 48 22 12 210 38 18 10 210
146:5 97 45 25 210 77 36 20 210 48 22 12 210 38 18 10 210
146:6 97 45 25 210 77 36 20 210 48 22 12 210 38 18 10 210
146:7 97 45 25 210 77 36 20 210 48 22 12 210 38 18 10 210
146:8 96 45 25 210 76 36 20 210 48 22 12 210 38 18 10 210
146:9 96 45 25 210 76 36 20 210 48 22 12 210 38 18 10 210
146:10 96 45 25 210 76 36 20 210 48 22 12 210 38 18 10 210
146:11 96 45 25 210 76 36 20 210 48 22 12 210 38 18 10 210
147 208 182 36 255 166 145 28 255 104 91 18 255 83 72 14 255
148 137 140 130 255 109 112 104 255 68 70 65 255 54 56 52 255
149 140 128 125 255 112 102 100 255 70 64 62 255 56 51 50 255
150 153 131 127 255 122 104 101 255 76 65 63 255 61 52 50 255
151 129 122 108 255 103 97 86 255 64 61 54 255 51 48 43 255
152 167 15 15 255 133 12 12 255 83 7 7 255 66 6 6 255
153 101 36 35 255 80 28 28 255 50 18 17 255 40 14 14 255
154 32 32 32 255 25 25 25 255 16 16 16 255 12 12 12 255
155 235 233 227 255 188 186 181 255 117 116 113 255 94 93 90 255
155:1 234 231 224 255 187 184 179 255 117 115 112 255 93 92 89 255
155:2 233 230 223 255 186 184 178 255 116 115 111 255 93 92 89 255
155:3 226 223 216 255 180 178 172 255 113 111 108 255 90 89 86 255
155:4 226 223 216 255 180 178 172 255 113 111 108 255 90 89 86 255
156 237 235 229 255 189 188 183 255 118 117 114 255 94 94 91 255
157 84 78 74 192 67 62 59 192 42 39 37 192 33 31 29 192
157:8 89 78 74 192 71 62 59 192 44 39 37 192 35 31 29 192
157:9 89 78 74 192 71 62 59 192 44 39 37 192 35 31 29 192
157:10 89 78 74 192 71 62 59 192 44 39 37 192 35 31 29 192
157:11 89 78 74 192 71 62 59 192 44 39 37 192 35 31 29 192
157:12 89 78 74 192 71 62 59 192 44 39 37 192 35 31 29 192
157:13 89 78 74 192 71 62 59 192 44 39 37 192 35 31 29 192
158 92 83 71 255 73 66 56 255 46 41 35 255 36 33 28 255
158:1 94 88 78 255 75 70 62 255 47 44 39 255 37 35 31 255
159 210 178 161 255 168 142 128 255 105 89 80 255 84 71 64 255
159:1 162 84 38 255 129 67 30 255 81 42 19 255 64 33 15 255
159:2 151 88 109 255 120 70 87 255 75 44 54 255 60 35 43 255
159:3 114 109 139 255 91 87 111 255 57 54 69 255 45 43 55 255
159:4 186 134 35 255 148 107 28 255 93 67 17 255 74 53 14 255
159:5 105 119 53 255 84 95 42 255 52 59 26 255 42 47 21 255
159:6 162 78 79 255 129 62 63 255 81 39 39 255 64 31 31 255
159:7 58 42 36 255 46 33 28 255 29 21 18 255 23 16 14 255
159:8 136 108 98 255 108 86 78 255 68 54 49 255 54 43 39 255
159:9 87 91 91 255 69 72 72 255 43 45 45 255 34 36 36 255
159:10 119 70 86 255 95 56 68 255 59 35 43 255 47 28 34 255
159:11 74 60 91 255 59 48 72 255 37 30 45 255 29 24 36 255
159:12 77 51 36 255 61 40 28 255 38 25 18 255 30 20 14 255
159:13 76 83 42 255 60 66 33 255 38 41 21 255 30 33 16 255
159:14 144 61 47 255 115 48 37 255 72 30 23 255 57 24 18 255
159:15 26 19 15 255 20 15 12 255 13 9 7 255 10 7 6 255
160 245 245 245 91 196 196 196 91 122 122 122 91 98 98 98 91
160:1 199 123 57 131 159 98 45 131 99 61 28 131 79 49 22 131
160:2 168 84 200 81 134 67 160 81 84 42 100 81 67 33 80 81
160:3 101 144 199 131 80 115 159 131 50 72 99 131 40 57 79 131
160:4 211 211 60 106 168 168 48 106 105 105 30 106 84 84 24 106
160:5 127 190 42 81 101 152 33 81 63 95 21 81 50 76 16 81
160:6 222 127 158 81 177 101 126 81 111 63 79 81 88 50 63 81
160:7 78 78 78 131 62 62 62 131 39 39 39 131 31 31 31 131
160:8 144 144 144 131 115 115 115 131 72 72 72 131 57 57 57 131
160:9 84 127 148 81 67 101 118 81 42 63 74 81 33 50 59 81
160:10 127 73 168 81 101 58 134 81 63 36 84 81 50 29 67 81
160:11 64 84 168 81 51 67 134 81 32 42 84 81 25 33 67 81
160:12 101 78 57 131 80 62 45 131 50 39 28 131 40 31 22 131
160:13 103 124 60 106 82 99 48 106 51 62 30 106 41 49 24 106
160:14 148 64 64 81 118 51 51 81 74 32 32 81 59 25 25 81
160:15 12 12 12 130 9 9 9 130 6 6 6 130 4 4 4 130
161 33 69 20 209 26 55 16 209 16 34 10 209 13 27 8 209
161:1 32 67 20 232 25 53 16 232 16 33 10 232 12 26 8 232
161:5 32 67 20 232 25 53 16 232 16 33 10 232 12 26 8 232
161:9 32 67 20 232 25 53 16 232 16 33 10 232 12 26 8 232
161:13 32 67 20 232 25 53 16 232 16 33 10 232 12 26 8 232
162 145 90 65 255 116 72 52 255 72 45 32 255 58 36 26 255
162:1 94 71 40 255 75 56 32 255 47 35 20 255 37 28 16 255
162:4 92 85 75 255 73 68 60 255 46 42 37 255 36 34 30 255
162:5 41 26 8 255 32 20 6 255 20 13 4 255 16 10 3 255
162:8 92 85 75 255 73 68 60 255 46 42 37 255 36 34 30 255
162:9 41 26 8 255 32 20 6 255 20 13 4 255 16 10 3 255
162:12 92 85 75 255 73 68 60 255 46 42 37 255 36 34 30 255
162:13 41 26 8 255 32 20 6 255 20 13 4 255 16 10 3 255
163 132 80 52 255 105 64 41 255 66 40 26 255 52 32 20 255
164 46 33 18 255 36 26 14 255 23 16 9 255 18 13 7 255
165 107 183 87 204 85 146 69 204 53 91 43 204 42 73 34 204
167 82 80 61 193 65 64 48 193 41 40 30 193 32 32 24 193
168 88 158 145 255 70 126 116 255 44 79 72 255 35 63 58 255
168:1 78 144 125 255 62 115 100 255 39 72 62 255 31 57 50 255
168:2 42 69 56 255 33 55 44 255 21 34 28 255 16 27 22 255
169 165 192 178 255 132 153 142 255 82 96 89 255 66 76 71 255
170 197 159 43 255 157 127 34 255 98 79 21 255 78 63 17 255
171 236 236 236 255 188 188 188 255 118 118 118 255 94 94 94 255
171:1 232 120 43 255 185 96 34 255 116 60 21 255 92 48 17 255
171:2 185 57 196 255 148 45 156 255 92 28 98 255 74 22 78 255
171:3 82 121 205 255 65 96 164 255 41 60 102 255 32 48 82 255
171:4 209 194 29 255 167 155 23 255 104 97 14 255 83 77 11 255
171:5 53 177 42 255 42 141 33 255 26 88 21 255 21 70 16 255
171:6 215 127 151 255 172 101 120 255 107 63 75 255 86 50 60 255
171:7 64 64 64 255 51 51 51 255 32 32 32 255 25 25 25 255
171:8 136 146 146 255 108 116 116 255 68 73 73 255 54 58 58 255
171:9 41 124 159 255 32 99 127 255 20 62 79 255 16 49 63 255
171:10 124 47 192 255 99 37 153 255 62 23 96 255 49 18 76 255
171:11 36 48 147 255 28 38 117 255 18 24 73 255 14 19 58 255
171:12 80 47 25 255 64 37 20 255 40 23 12 255 32 18 10 255
171:13 52 72 22 255 41 57 17 255 26 36 11 255 20 28 8 255
171:14 154 41 37 255 123 32 29 255 77 20 18 255 61 16 14 255
171:15 11 11 11 255 8 8 8 255 5 5 5 255 4 4 4 255
172 152 93 67 255 121 74 53 255 76 46 33 255 60 37 26 255
173 8 8 8 255 6 6 6 255 4 4 4 255 3 3 3 255
174 166 208 240 255 132 166 192 255 83 104 120 255 66 83 96 255
175 44 37 11 200 35 29 8 200 22 18 5 200 17 14 4 200
175:8 56 35 11 159 44 28 8 159 28 17 5 159 22 14 4 159
175:9 56 35 11 159 44 28 8 159 28 17 5 159 22 14 4 159
175:10 56 35 11 159 44 28 8 159 28 17 5 159 22 14 4 159
175:11 56 35 11 159 44 28 8 159 28 17 5 159 22 14 4 159
175:12 56 35 11 159 44 28 8 159 28 17 5 159 22 14 4 159
175:13 56 35 11 159 44 28 8 159 28 17 5 159 22 14 4 159
175:14 56 35 11 159 44 28 8 159 28 17 5 159 22 14 4 159
175:15 56 35 11 159 44 28 8 159 28 17 5 159 22 14 4 159
178 99 98 96 255 79 78 76 255 49 49 48 255 39 39 38 255
179 195 128 72 255 156 102 57 255 97 64 36 255 78 51 28 255
180 191 123 69 255 152 98 55 255 95 61 34 255 76 49 27 255
181 195 128 72 255 156 102 57 255 97 64 36 255 78 51 28 255
182 195 128 72 255 156 102 57 255 97 64 36 255 78 51 28 255
183 79 53 25 255 63 42 20 255 39 26 12 255 31 21 10 255
184 183 142 82 255 146 113 65 255 91 71 41 255 73 56 32 255
185 107 64 33 255 85 51 26 255 53 32 16 255 42 25 13 255
186 46 33 18 255 36 26 14 255 23 16 9 255 18 13 7 255
187 132 80 52 255 105 64 41 255 66 40 26 255 52 32 20 255
188 79 53 25 255 63 42 20 255 39 26 12 255 31 21 10 255
189 183 142 82 255 146 113 65 255 91 71 41 255 73 56 32 255
190 107 64 33 255 85 51 26 255 53 32 16 255 42 25 13 255
191 46 33 18 255 36 26 14 255 23 16 9 255 18 13 7 255
192 132 80 52 255 105 64 41 255 66 40 26 255 52 32 20 255
193 58 41 21 255 46 32 16 255 29 20 10 255 23 16 8 255
194 187 166 145 255 149 132 116 255 93 83 72 255 74 66 58 255
195 90 60 36 230 72 48 28 230 45 30 18 230 36 24 14 230
196 130 83 56 183 104 66 44 183 65 41 28 183 52 33 22 183
197 42 31 18 255 33 24 14 255 21 15 9 255 16 12 7 255

Biome Mapping
[RAINFOREST]	49	67	21	255	39	54	17	255	25	34	11	255	20	27	8	255
[SWAMPLAND]	64	128	0	255	51	102	0	255	32	64	0	255	26	51	0	255
[SEASONAL_FOREST]	51	165	42	255	41	132	34	255	26	83	21	255	20	66	17	255
[FOREST]	0	128	64	255	0	102	51	255	0	64	32	255	0	51	26	255
[SAVANNA]	58	58	58	255	46	46	46	255	29	29	29	255	23	23	23	255
[SHRUBLAND]	170	158	24	255	136	126	19	255	85	79	12	255	68	63	10	255
[TAIGA]	204	255	102	255	163	204	82	255	102	128	51	255	82	102	41	255
[DESERT]	255	255	102	255	204	204	82	255	128	128	51	255	102	102	41	255
[PLAINS]	255	204	102	255	204	163	82	255	128	102	51	255	102	82	41	255
[ICE_DESERT]	26	33	103	255	21	26	82	255	13	17	52	255	10	13	41	255
[TUNDRA]	222	222	222	255	178	178	178	255	111	111	111	255	89	89	89	255
[HELL]	255	0	0	255	204	0	0	255	128	0	0	255	102	0	0	255
[SKY]	102	204	255	255	82	163	204	255	51	102	128	255	41	82	102	255
[OCEAN]	0	0	255	255	0	0	204	255	0	0	128	255	0	0	102	255
[RIVER]	0	128	255	255	0	102	204	255	0	64	128	255	0	51	102	255
[EXTREME_HILLS]	128	64	0	255	102	51	0	255	64	32	0	255	51	26	0	255
[FROZEN_OCEAN]	102	255	204	255	82	204	163	255	51	128	102	255	41	102	82	255
[FROZEN_RIVER]	102	102	255	255	82	82	204	255	51	51	128	255	41	41	102	255
[ICE_PLAINS]	102	255	255	255	82	204	204	255	51	128	128	255	41	102	102	255
[ICE_MOUNTAINS]	255	255	255	255	204	204	204	255	128	128	128	255	102	102	102	255
[MUSHROOM_ISLAND]	255	111	207	255	204	89	166	255	128	56	104	255	102	44	83	255
[MUSHROOM_SHORE]	255	0	128	255	204	0	102	255	128	0	64	255	102	0	51	255
[BEACH]	255	206	75	255	230	185	68	255	255	206	75	255	179	144	53	255
[DESERT_HILLS]	255	146	51	255	230	131	46	255	255	146	51	255	179	102	36	255
[FOREST_HILLS]	0	162	100	255	0	146	90	255	0	162	100	255	0	113	70	255
[TAIGA_HILLS]	178	212	117	255	160	191	105	255	178	212	117	255	125	148	82	255
[SMALL_MOUNTAINS]	184	103	33	255	166	93	30	255	184	103	33	255	129	72	23	255
[JUNGLE]	49	67	21	255	39	54	17	255	25	34	11	255	20	27	8	255
[JUNGLE_HILLS]	33	44	14	255	26	36	12	255	16	22	7	255	13	18	6	255
Rainfall/Temperature Mapping
[RAINFALL-0.0]	120	120	120	255	96	96	96	255	60	60	60	255	48	48	48	255
[RAINFALL-1.0]	38	92	255	255	30	73	204	255	19	46	127	255	15	36	102	255
[TEMPERATURE-0.0]	38	92	255	255	30	73	204	255	19	46	127	255	15	36	102	255
[TEMPERATURE-0.5]	91	121	185	255	73	96	147	255	46	61	92	255	36	48	73	255
[TEMPERATURE-0.8]	51	165	42	255	41	131	33	255	26	82	21	255	20	65	17	255
[TEMPERATURE-0.9]	170	158	24	255	135	126	19	255	85	79	12	255	67	62	10	255
[TEMPERATURE-0.95]	204	111	48	255	162	89	38	255	102	56	24	255	81	44	19	255
[TEMPERATURE-1.0]	143	39	36	255	114	31	28	255	71	20	18	255	57	16	14	255
