1 141 154 152 255 112 123 121 255 70 77 76 255 56 61 60 255
1:1 138 67 64 255 110 53 51 255 69 33 32 255 55 26 25 255
1:2 151 73 68 255 120 58 54 255 75 36 34 255 60 29 27 255
1:3 182 189 172 255 145 151 137 255 91 94 86 255 72 75 68 255
1:4 188 195 183 255 150 156 146 255 94 97 91 255 75 78 73 255
1:5 84 92 88 255 67 73 70 255 42 46 44 255 33 36 35 255
1:6 117 129 122 255 93 103 97 255 58 64 61 255 46 51 48 255
2 20 58 31 255 16 46 24 255 10 29 15 255 8 23 12 255
3 80 66 56 255 64 52 44 255 40 33 28 255 32 26 22 255
3:2 78 66 53 255 62 52 42 255 39 33 26 255 31 26 21 255
4 132 142 134 255 105 113 107 255 66 71 67 255 52 56 53 255
5 65 55 46 255 52 44 36 255 32 27 23 255 26 22 18 255
5:1 53 40 39 255 42 32 31 255 26 20 19 255 21 16 15 255
5:2 132 117 100 255 105 93 80 255 66 58 50 255 52 46 40 255
5:3 61 65 49 255 48 52 39 255 30 32 24 255 24 26 19 255
5:4 105 48 43 255 84 38 34 255 52 24 21 255 42 19 17 255
5:5 48 41 36 255 38 32 28 255 24 20 18 255 19 16 14 255
6 30 55 34 114 24 44 27 114 15 27 17 114 12 22 13 114
6:1 22 47 26 63 17 37 20 63 11 23 13 63 8 18 10 63
6:2 65 92 44 91 52 73 35 91 32 46 22 91 26 36 17 91
6:3 30 69 9 81 24 55 7 81 15 34 4 81 12 27 3 81
6:4 75 76 26 81 60 60 20 81 37 38 13 81 30 30 10 81
6:5 38 41 30 121 30 32 24 121 19 20 15 121 15 16 12 121
6:9 22 47 26 63 17 37 20 63 11 23 13 63 8 18 10 63
6:10 65 92 44 91 52 73 35 91 32 46 22 91 26 36 17 91
6:11 30 69 9 81 24 55 7 81 15 34 4 81 12 27 3 81
6:12 75 76 26 81 60 60 20 81 37 38 13 81 30 30 10 81
6:13 38 41 30 121 30 32 24 121 19 20 15 121 15 16 12 121
7 38 39 42 255 30 31 33 255 19 19 21 255 15 15 16 255
8 80 220 238 142 64 176 190 142 40 110 119 142 32 88 95 142
9 76 215 233 144 60 172 186 144 38 107 116 144 30 86 93 144
9:1 80 220 238 142 64 176 190 142 40 110 119 142 32 88 95 142
9:2 80 220 238 142 64 176 190 142 40 110 119 142 32 88 95 142
9:3 80 220 238 142 64 176 190 142 40 110 119 142 32 88 95 142
9:4 80 220 238 142 64 176 190 142 40 110 119 142 32 88 95 142
9:5 80 220 238 142 64 176 190 142 40 110 119 142 32 88 95 142
9:6 80 220 238 142 64 176 190 142 40 110 119 142 32 88 95 142
9:7 80 220 238 142 64 176 190 142 40 110 119 142 32 88 95 142
10 127 24 10 255 101 19 8 255 63 12 5 255 50 9 4 255
11 125 24 10 255 100 19 8 255 62 12 5 255 50 9 4 255
12 225 221 197 255 180 176 157 255 112 110 98 255 90 88 78 255
12:1 168 86 71 255 134 68 56 255 84 43 35 255 67 34 28 255
13 90 87 71 255 72 69 56 255 45 43 35 255 36 34 28 255
14 144 145 122 255 115 116 97 255 72 72 61 255 57 58 48 255
15 135 135 129 255 108 108 103 255 67 67 64 255 54 54 51 255
16 105 113 112 255 84 90 89 255 52 56 56 255 42 45 44 255
17 133 117 95 255 106 93 76 255 66 58 47 255 53 46 38 255
17:1 124 103 95 255 99 82 76 255 62 51 47 255 49 41 38 255
17:3 117 103 65 255 93 82 52 255 58 51 32 255 46 41 26 255
17:4 68 56 45 255 54 44 36 255 34 28 22 255 27 22 18 255
17:5 46 38 30 255 36 30 24 255 23 19 15 255 18 15 12 255
17:6 188 186 181 255 150 148 144 255 94 93 90 255 75 74 72 255
17:7 43 39 15 255 34 31 12 255 21 19 7 255 17 15 6 255
17:8 68 56 45 255 54 44 36 255 34 28 22 255 27 22 18 255
17:9 46 38 30 255 36 30 24 255 23 19 15 255 18 15 12 255
17:10 188 186 181 255 150 148 144 255 94 93 90 255 75 74 72 255
17:11 43 39 15 255 34 31 12 255 21 19 7 255 17 15 6 255
17:12 68 56 45 255 54 44 36 255 34 28 22 255 27 22 18 255
17:13 46 38 30 255 36 30 24 255 23 19 15 255 18 15 12 255
17:14 188 186 181 255 150 148 144 255 94 93 90 255 75 74 72 255
17:15 43 39 15 255 34 31 12 255 21 19 7 255 17 15 6 255
18 14 64 26 214 11 51 20 214 7 32 13 214 5 25 10 214
18:1 26 64 35 229 20 51 28 229 13 32 17 229 10 25 14 229
18:2 87 113 58 167 69 90 46 167 43 56 29 167 34 45 23 167
18:3 14 63 26 232 11 50 20 232 7 31 13 232 5 25 10 232
18:5 26 64 35 229 20 51 28 229 13 32 17 229 10 25 14 229
18:6 87 113 58 167 69 90 46 167 43 56 29 167 34 45 23 167
18:7 14 63 26 232 11 50 20 232 7 31 13 232 5 25 10 232
18:9 26 64 35 229 20 51 28 229 13 32 17 229 10 25 14 229
18:10 87 113 58 167 69 90 46 167 43 56 29 167 34 45 23 167
18:11 14 63 26 232 11 50 20 232 7 31 13 232 5 25 10 232
18:13 26 64 35 229 20 51 28 229 13 32 17 229 10 25 14 229
18:14 87 113 58 167 69 90 46 167 43 56 29 167 34 45 23 167
18:15 14 63 26 232 11 50 20 232 7 31 13 232 5 25 10 232
19 187 168 87 255 149 134 69 255 93 84 43 255 74 67 34 255
19:1 163 146 72 255 130 116 57 255 81 73 36 255 65 58 28 255
20 79 70 47 96 63 56 37 96 39 35 23 96 31 28 18 96
21 109 130 150 255 87 104 120 255 54 65 75 255 43 52 60 255
22 41 82 147 255 32 65 117 255 20 41 73 255 16 32 58 255
23 132 133 122 255 105 106 97 255 66 66 61 255 52 53 48 255
23:1 137 140 129 255 109 112 103 255 68 70 64 255 54 56 51 255
23:9 137 140 129 255 109 112 103 255 68 70 64 255 54 56 51 255
24 204 199 174 255 163 159 139 255 102 99 87 255 81 79 69 255
25 99 85 56 255 79 68 44 255 49 42 28 255 39 34 22 255
26 35 67 115 255 28 53 92 255 17 33 57 255 14 26 46 255
26:8 173 173 158 255 138 138 126 255 86 86 79 255 69 69 63 255
26:9 173 173 158 255 138 138 126 255 86 86 79 255 69 69 63 255
26:10 173 173 158 255 138 138 126 255 86 86 79 255 69 69 63 255
26:11 173 173 158 255 138 138 126 255 86 86 79 255 69 69 63 255
27 90 75 49 211 72 60 39 211 45 37 24 211 36 30 19 211
27:8 95 74 49 211 76 59 39 211 47 37 24 211 38 29 19 211
27:9 95 74 49 211 76 59 39 211 47 37 24 211 38 29 19 211
27:10 95 74 49 211 76 59 39 211 47 37 24 211 38 29 19 211
27:11 95 74 49 211 76 59 39 211 47 37 24 211 38 29 19 211
27:12 95 74 49 211 76 59 39 211 47 37 24 211 38 29 19 211
27:13 95 74 49 211 76 59 39 211 47 37 24 211 38 29 19 211
28 107 98 83 232 85 78 66 232 53 49 41 232 42 39 33 232
29 152 163 152 255 121 130 121 255 76 81 76 255 60 65 60 255
29:1 55 63 60 255 44 50 48 255 27 31 30 255 22 25 24 255
29:2 135 140 128 255 108 112 102 255 67 70 64 255 54 56 51 255
29:3 135 140 128 255 108 112 102 255 67 70 64 255 54 56 51 255
29:4 135 140 128 255 108 112 102 255 67 70 64 255 54 56 51 255
29:5 135 140 128 255 108 112 102 255 67 70 64 255 54 56 51 255
29:9 140 150 140 255 112 120 112 255 70 75 70 255 56 60 56 255
29:10 150 158 146 207 120 126 116 207 75 79 73 207 60 63 58 207
29:11 150 158 146 207 120 126 116 207 75 79 73 207 60 63 58 207
29:12 150 158 146 207 120 126 116 207 75 79 73 207 60 63 58 207
29:13 150 158 146 207 120 126 116 207 75 79 73 207 60 63 58 207
30 194 201 209 75 155 160 167 75 97 100 104 75 77 80 83 75
31 83 101 88 124 66 80 70 124 41 50 44 124 33 40 35 124
31:1 32 91 49 56 25 72 39 56 16 45 24 56 12 36 19 56
31:2 25 72 39 111 20 57 31 111 12 36 19 111 10 28 15 111
32 83 101 88 124 66 80 70 124 41 50 44 124 33 40 35 124
33 152 163 152 255 121 130 121 255 76 81 76 255 60 65 60 255
33:1 75 64 45 255 60 51 36 255 37 32 22 255 30 25 18 255
33:2 135 140 128 255 108 112 102 255 67 70 64 255 54 56 51 255
33:3 135 140 128 255 108 112 102 255 67 70 64 255 54 56 51 255
33:4 135 140 128 255 108 112 102 255 67 70 64 255 54 56 51 255
33:5 135 140 128 255 108 112 102 255 67 70 64 255 54 56 51 255
33:9 140 150 140 255 112 120 112 255 70 75 70 255 56 60 56 255
33:10 150 158 146 207 120 126 116 207 75 79 73 207 60 63 58 207
33:11 150 158 146 207 120 126 116 207 75 79 73 207 60 63 58 207
33:12 150 158 146 207 120 126 116 207 75 79 73 207 60 63 58 207
33:13 150 158 146 207 120 126 116 207 75 79 73 207 60 63 58 207
34 140 150 140 255 112 120 112 255 70 75 70 255 56 60 56 255
34:1 75 64 45 255 60 51 36 255 37 32 22 255 30 25 18 255
34:2 75 64 48 111 60 51 38 111 37 32 24 111 30 25 19 111
34:3 75 64 48 111 60 51 38 111 37 32 24 111 30 25 19 111
34:4 75 64 48 111 60 51 38 111 37 32 24 111 30 25 19 111
34:5 75 64 48 111 60 51 38 111 37 32 24 111 30 25 19 111
34:9 55 63 60 255 44 50 48 255 27 31 30 255 22 25 24 255
34:10 75 64 48 111 60 51 38 111 37 32 24 111 30 25 19 111
34:11 75 64 48 111 60 51 38 111 37 32 24 111 30 25 19 111
34:12 75 64 48 111 60 51 38 111 37 32 24 111 30 25 19 111
34:13 75 64 48 111 60 51 38 111 37 32 24 111 30 25 19 111
35 222 224 221 255 177 179 176 255 111 112 110 255 88 89 88 255
35:1 226 120 69 255 180 96 55 255 113 60 34 255 90 48 27 255
35:2 178 101 206 255 142 80 164 255 89 50 103 255 71 40 82 255
35:3 122 171 214 255 97 136 171 255 61 85 107 255 48 68 85 255
35:4 218 191 70 255 174 152 56 255 109 95 35 255 87 76 28 255
35:5 89 200 80 255 71 160 64 255 44 100 40 255 35 80 32 255
35:6 223 172 183 255 178 137 146 255 111 86 91 255 89 68 73 255
35:7 45 48 48 255 36 38 38 255 22 24 24 255 18 19 19 255
35:8 130 140 140 255 104 112 112 255 65 70 70 255 52 56 56 255
35:9 26 114 132 255 20 91 105 255 13 57 66 255 10 45 52 255
35:10 82 57 163 255 65 45 130 255 41 28 81 255 32 22 65 255
35:11 28 73 151 255 22 58 120 255 14 36 75 255 11 29 60 255
35:12 64 50 34 255 51 40 27 255 32 25 17 255 25 20 13 255
35:13 36 108 35 255 28 86 28 255 18 54 17 255 14 43 14 255
35:14 126 39 45 255 100 31 36 255 63 19 22 255 50 15 18 255
35:15 15 18 19 255 12 14 15 255 7 9 9 255 6 7 7 255
37 119 113 33 19 95 90 26 19 59 56 16 19 47 45 13 19
38 93 33 29 22 74 26 23 22 46 16 14 22 37 13 11 22
38:1 56 99 133 63 44 79 106 63 28 49 66 63 22 39 53 63
38:2 116 105 128 68 92 84 102 68 58 52 64 68 46 42 51 68
38:3 54 69 68 69 43 55 54 69 27 34 34 69 21 27 27 69
38:4 91 69 55 104 72 55 44 104 45 34 27 104 36 27 22 104
38:5 93 93 50 104 74 74 40 104 46 46 25 104 37 37 20 104
38:6 112 136 114 104 89 108 91 104 56 68 57 104 44 54 45 104
38:7 108 101 85 104 86 80 68 104 54 50 42 104 43 40 34 104
38:8 180 183 163 52 144 146 130 52 90 91 81 52 72 73 65 52
39 78 103 124 43 62 82 99 43 39 51 62 43 31 41 49 43
40 151 88 76 35 120 70 60 35 75 44 38 35 60 35 30 35
41 162 139 82 255 129 111 65 255 81 69 41 255 64 55 32 255
42 158 154 123 255 126 123 98 255 79 77 61 255 63 61 49 255
43 186 193 189 255 148 154 151 255 93 96 94 255 74 77 75 255
43:1 204 199 174 255 163 159 139 255 102 99 87 255 81 79 69 255
43:2 65 55 46 255 52 44 36 255 32 27 23 255 26 22 18 255
43:3 132 142 134 255 105 113 107 255 66 71 67 255 52 56 53 255
43:4 143 99 84 255 114 79 67 255 71 49 42 255 57 39 33 255
43:5 119 130 126 255 95 104 100 255 59 65 63 255 47 52 50 255
43:6 51 27 33 255 40 21 26 255 25 13 16 255 20 10 13 255
43:7 226 230 223 255 180 184 178 255 113 115 111 255 90 92 89 255
43:9 204 199 174 255 163 159 139 255 102 99 87 255 81 79 69 255
43:10 65 55 46 255 52 44 36 255 32 27 23 255 26 22 18 255
43:11 132 142 134 255 105 113 107 255 66 71 67 255 52 56 53 255
43:12 143 99 84 255 114 79 67 255 71 49 42 255 57 39 33 255
43:13 119 130 126 255 95 104 100 255 59 65 63 255 47 52 50 255
43:14 51 27 33 255 40 21 26 255 25 13 16 255 20 10 13 255
43:15 226 230 223 255 180 184 178 255 113 115 111 255 90 92 89 255
44 186 193 189 255 148 154 151 255 93 96 94 255 74 77 75 255
44:1 204 199 174 255 163 159 139 255 102 99 87 255 81 79 69 255
44:2 65 55 46 255 52 44 36 255 32 27 23 255 26 22 18 255
44:3 132 142 134 255 105 113 107 255 66 71 67 255 52 56 53 255
44:4 143 99 84 255 114 79 67 255 71 49 42 255 57 39 33 255
44:5 119 130 126 255 95 104 100 255 59 65 63 255 47 52 50 255
44:6 51 27 33 255 40 21 26 255 25 13 16 255 20 10 13 255
44:7 226 230 223 255 180 184 178 255 113 115 111 255 90 92 89 255
44:9 204 199 174 255 163 159 139 255 102 99 87 255 81 79 69 255
44:10 65 55 46 255 52 44 36 255 32 27 23 255 26 22 18 255
44:11 132 142 134 255 105 113 107 255 66 71 67 255 52 56 53 255
44:12 143 99 84 255 114 79 67 255 71 49 42 255 57 39 33 255
44:13 119 130 126 255 95 104 100 255 59 65 63 255 47 52 50 255
44:14 51 27 33 255 40 21 26 255 25 13 16 255 20 10 13 255
44:15 226 230 223 255 180 184 178 255 113 115 111 255 90 92 89 255
45 143 99 84 255 114 79 67 255 71 49 42 255 57 39 33 255
46 84 36 29 255 67 28 23 255 42 18 14 255 33 14 11 255
47 65 55 46 255 52 44 36 255 32 27 23 255 26 22 18 255
48 142 160 145 255 113 128 116 255 71 80 72 255 56 64 58 255
49 38 44 56 255 30 35 44 255 19 22 28 255 15 17 22 255
50 129 104 56 48 103 83 44 48 64 52 28 48 51 41 22 48
51 239 149 41 168 191 119 32 168 119 74 20 168 95 59 16 168
52 54 54 48 204 43 43 38 204 27 27 24 204 21 21 19 204
53 65 55 46 255 52 44 36 255 32 27 23 255 26 22 18 255
54 72 80 89 197 57 64 71 197 36 40 44 197 28 32 35 197
54:4 61 78 102 210 48 62 81 210 30 39 51 210 24 31 40 210
54:5 61 78 102 210 48 62 81 210 30 39 51 210 24 31 40 210
54:6 61 78 102 210 48 62 81 210 30 39 51 210 24 31 40 210
54:7 61 78 102 210 48 62 81 210 30 39 51 210 24 31 40 210
54:8 61 78 102 210 48 62 81 210 30 39 51 210 24 31 40 210
54:9 61 78 102 210 48 62 81 210 30 39 51 210 24 31 40 210
54:10 61 78 102 210 48 62 81 210 30 39 51 210 24 31 40 210
54:11 61 78 102 210 48 62 81 210 30 39 51 210 24 31 40 210
55 194 197 201 50 155 157 160 50 97 98 100 50 77 78 80 50
56 123 154 155 255 98 123 124 255 61 77 77 255 49 61 62 255
57 130 144 134 255 104 115 107 255 65 72 67 255 52 57 53 255
58 174 175 170 255 139 140 136 255 87 87 85 255 69 70 68 255
59 34 69 45 29 27 55 36 29 17 34 22 29 13 27 18 29
59:1 33 68 44 39 26 54 35 39 16 34 22 39 13 27 17 39
59:2 33 67 43 50 26 53 34 50 16 33 21 50 13 26 17 50
59:3 33 66 43 60 26 52 34 60 16 33 21 60 13 26 17 60
59:4 43 81 44 82 34 64 35 82 21 40 22 82 17 32 17 82
59:5 55 93 50 109 44 74 40 109 27 46 25 109 22 37 20 109
59:6 83 106 57 123 66 84 45 123 41 53 28 123 33 42 22 123
59:7 146 135 92 134 116 108 73 134 73 67 46 134 58 54 36 134
59:8 146 135 92 134 116 108 73 134 73 67 46 134 58 54 36 134
59:9 146 135 92 134 116 108 73 134 73 67 46 134 58 54 36 134
59:10 146 135 92 134 116 108 73 134 73 67 46 134 58 54 36 134
59:11 146 135 92 134 116 108 73 134 73 67 46 134 58 54 36 134
59:12 146 135 92 134 116 108 73 134 73 67 46 134 58 54 36 134
59:13 146 135 92 134 116 108 73 134 73 67 46 134 58 54 36 134
59:14 146 135 92 134 116 108 73 134 73 67 46 134 58 54 36 134
59:15 146 135 92 134 116 108 73 134 73 67 46 134 58 54 36 134
60 54 74 54 255 43 59 43 255 27 37 27 255 21 29 21 255
60:1 46 67 50 255 36 53 40 255 23 33 25 255 18 26 20 255
60:2 46 67 50 255 36 53 40 255 23 33 25 255 18 26 20 255
60:3 46 67 50 255 36 53 40 255 23 33 25 255 18 26 20 255
60:4 46 67 50 255 36 53 40 255 23 33 25 255 18 26 20 255
60:5 46 67 50 255 36 53 40 255 23 33 25 255 18 26 20 255
60:6 46 67 50 255 36 53 40 255 23 33 25 255 18 26 20 255
60:7 46 67 50 255 36 53 40 255 23 33 25 255 18 26 20 255
60:8 46 67 50 255 36 53 40 255 23 33 25 255 18 26 20 255
60:9 46 67 50 255 36 53 40 255 23 33 25 255 18 26 20 255
60:10 46 67 50 255 36 53 40 255 23 33 25 255 18 26 20 255
60:11 46 67 50 255 36 53 40 255 23 33 25 255 18 26 20 255
60:12 46 67 50 255 36 53 40 255 23 33 25 255 18 26 20 255
60:13 46 67 50 255 36 53 40 255 23 33 25 255 18 26 20 255
60:14 46 67 50 255 36 53 40 255 23 33 25 255 18 26 20 255
60:15 46 67 50 255 36 53 40 255 23 33 25 255 18 26 20 255
61:2 132 133 122 255 105 106 97 255 66 66 61 255 52 53 48 255
61:3 132 133 122 255 105 106 97 255 66 66 61 255 52 53 48 255
61:4 132 133 122 255 105 106 97 255 66 66 61 255 52 53 48 255
61:5 132 133 122 255 105 106 97 255 66 66 61 255 52 53 48 255
62:2 132 133 122 255 105 106 97 255 66 66 61 255 52 53 48 255
62:3 132 133 122 255 105 106 97 255 66 66 61 255 52 53 48 255
62:4 132 133 122 255 105 106 97 255 66 66 61 255 52 53 48 255
62:5 132 133 122 255 105 106 97 255 66 66 61 255 52 53 48 255
63 71 65 50 10 56 52 40 10 35 32 25 10 28 26 20 10
64 96 93 76 226 76 74 60 226 48 46 38 226 38 37 30 226
65 56 50 34 109 44 40 27 109 28 25 17 109 22 20 13 109
66 96 92 75 208 76 73 60 208 48 46 37 208 38 36 30 208
66:6 92 91 81 99 73 72 64 99 46 45 40 99 36 36 32 99
66:7 92 91 81 99 73 72 64 99 46 45 40 99 36 36 32 99
66:8 92 91 81 99 73 72 64 99 46 45 40 99 36 36 32 99
66:9 92 91 81 99 73 72 64 99 46 45 40 99 36 36 32 99
67 132 142 134 255 105 113 107 255 66 71 67 255 52 56 53 255
68 71 65 50 10 56 52 40 10 35 32 25 10 28 26 20 10
69 132 142 134 255 105 113 107 255 66 71 67 255 52 56 53 255
70 141 154 152 255 112 123 121 255 70 77 76 255 56 61 60 255
71 146 137 99 238 116 109 79 238 73 68 49 238 58 54 39 238
72 65 55 46 255 52 44 36 255 32 27 23 255 26 22 18 255
73 136 100 99 255 108 80 79 255 68 50 49 255 54 40 39 255
74 136 100 99 255 108 80 79 255 68 50 49 255 54 40 39 255
75:1 102 82 56 35 81 65 44 35 51 41 28 35 40 32 22 35
75:2 102 82 56 35 81 65 44 35 51 41 28 35 40 32 22 35
75:3 102 82 56 35 81 65 44 35 51 41 28 35 40 32 22 35
75:4 102 82 56 35 81 65 44 35 51 41 28 35 40 32 22 35
75:5 102 82 56 35 81 65 44 35 51 41 28 35 40 32 22 35
76:1 115 84 57 35 92 67 45 35 57 42 28 35 46 33 22 35
76:2 115 84 57 35 92 67 45 35 57 42 28 35 46 33 22 35
76:3 115 84 57 35 92 67 45 35 57 42 28 35 46 33 22 35
76:4 115 84 57 35 92 67 45 35 57 42 28 35 46 33 22 35
76:5 115 84 57 35 92 67 45 35 57 42 28 35 46 33 22 35
77 141 154 152 255 112 123 121 255 70 77 76 255 56 61 60 255
78 225 231 237 255 180 184 189 255 112 115 118 255 90 92 94 255
79 163 228 236 179 130 182 188 179 81 114 118 179 65 91 94 179
80 225 231 237 255 180 184 189 255 112 115 118 255 90 92 94 255
81 55 98 78 195 44 78 62 195 27 49 39 195 22 39 31 195
82 155 172 168 255 124 137 134 255 77 86 84 255 62 68 67 255
83 105 114 67 175 84 91 53 175 52 57 33 175 42 45 26 175
84 80 78 72 255 64 62 57 255 40 39 36 255 32 31 28 255
85 65 55 46 255 52 44 36 255 32 27 23 255 26 22 18 255
86 169 105 36 255 135 84 28 255 84 52 18 255 67 42 14 255
87 140 65 69 255 112 52 55 255 70 32 34 255 56 26 27 255
88 63 62 58 255 50 49 46 255 31 31 29 255 25 24 23 255
89 114 171 192 255 91 136 153 255 57 85 96 255 45 68 76 255
90 91 0 160 167 72 0 128 167 45 0 80 167 36 0 64 167
91 169 105 36 255 135 84 28 255 84 52 18 255 67 42 14 255
92 196 189 189 195 156 151 151 195 98 94 94 195 78 75 75 195
93 175 175 170 255 140 140 136 255 87 87 85 255 70 70 68 255
94 181 175 170 255 144 140 136 255 90 87 85 255 72 70 68 255
95 158 153 141 176 126 122 112 176 79 76 70 176 63 61 56 176
95:1 158 85 25 176 126 68 20 176 79 42 12 176 63 34 10 176
95:2 158 38 75 176 126 30 60 176 79 19 37 176 63 15 30 176
95:3 43 104 141 176 34 83 112 176 21 52 70 176 17 41 56 176
95:4 158 135 25 176 126 108 20 176 79 67 12 176 63 54 10 176
95:5 77 153 25 176 61 122 20 176 38 76 12 176 30 61 10 176
95:6 158 95 132 176 126 76 105 176 79 47 66 176 63 38 52 176
95:7 71 66 54 176 56 52 43 176 35 33 27 176 28 26 21 176
95:8 100 95 83 176 80 76 66 176 50 47 41 176 40 38 33 176
95:9 43 95 83 176 34 76 66 176 21 47 41 176 17 38 33 176
95:10 118 38 91 176 94 30 72 176 59 19 45 176 47 15 36 176
95:11 43 55 141 176 34 44 112 176 21 27 70 176 17 22 56 176
95:12 100 61 25 176 80 48 20 176 50 30 12 176 40 24 10 176
95:13 43 95 31 176 34 76 24 176 21 47 15 176 17 38 12 176
95:14 158 38 25 176 126 30 20 176 79 19 12 176 63 15 10 176
95:15 43 38 25 176 34 30 20 176 21 19 12 176 17 15 10 176
96 98 95 75 237 78 76 60 237 49 47 37 237 39 38 30 237
97 141 154 152 255 112 123 121 255 70 77 76 255 56 61 60 255
97:1 132 142 134 255 105 113 107 255 66 71 67 255 52 56 53 255
97:2 119 130 126 255 95 104 100 255 59 65 63 255 47 52 50 255
98 119 130 126 255 95 104 100 255 59 65 63 255 47 52 50 255
98:1 115 127 118 255 92 101 94 255 57 63 59 255 46 50 47 255
98:2 112 123 119 255 89 98 95 255 56 61 59 255 44 49 47 255
98:3 110 119 117 255 88 95 93 255 55 59 58 255 44 47 46 255
99 192 192 192 255 153 153 153 255 96 96 96 255 76 76 76 255
99:1 100 177 254 254 80 141 203 254 50 88 127 254 40 70 101 254
99:2 100 177 254 254 80 141 203 254 50 88 127 254 40 70 101 254
99:3 100 177 254 254 80 141 203 254 50 88 127 254 40 70 101 254
99:4 100 177 254 254 80 141 203 254 50 88 127 254 40 70 101 254
99:5 100 177 254 254 80 141 203 254 50 88 127 254 40 70 101 254
99:6 100 177 254 254 80 141 203 254 50 88 127 254 40 70 101 254
99:7 100 177 254 254 80 141 203 254 50 88 127 254 40 70 101 254
99:8 100 177 254 254 80 141 203 254 50 88 127 254 40 70 101 254
99:9 100 177 254 254 80 141 203 254 50 88 127 254 40 70 101 254
99:14 100 177 254 254 80 141 203 254 50 88 127 254 40 70 101 254
99:15 215 205 186 255 172 164 148 255 107 102 93 255 86 82 74 255
100 192 192 192 255 153 153 153 255 96 96 96 255 76 76 76 255
100:1 162 39 33 255 129 31 26 255 81 19 16 255 64 15 13 255
100:2 162 39 33 255 129 31 26 255 81 19 16 255 64 15 13 255
100:3 162 39 33 255 129 31 26 255 81 19 16 255 64 15 13 255
100:4 162 39 33 255 129 31 26 255 81 19 16 255 64 15 13 255
100:5 162 39 33 255 129 31 26 255 81 19 16 255 64 15 13 255
100:6 162 39 33 255 129 31 26 255 81 19 16 255 64 15 13 255
100:7 162 39 33 255 129 31 26 255 81 19 16 255 64 15 13 255
100:8 162 39 33 255 129 31 26 255 81 19 16 255 64 15 13 255
100:9 162 39 33 255 129 31 26 255 81 19 16 255 64 15 13 255
100:14 162 39 33 255 129 31 26 255 81 19 16 255 64 15 13 255
100:15 215 205 186 255 172 164 148 255 107 102 93 255 86 82 74 255
101 90 92 89 115 72 73 71 115 45 46 44 115 36 36 35 115
102 79 70 47 96 63 56 37 96 39 35 23 96 31 28 18 96
103 94 151 70 255 75 120 56 255 47 75 35 255 37 60 28 255
104 20 58 31 30 16 46 24 30 10 29 15 30 8 23 12 30
105 20 58 31 30 16 46 24 30 10 29 15 30 8 23 12 30
106 9 43 17 162 7 34 13 162 4 21 8 162 3 17 6 162
107 65 55 46 255 52 44 36 255 32 27 23 255 26 22 18 255
108 143 99 84 255 114 79 67 255 71 49 42 255 57 39 33 255
109 119 130 126 255 95 104 100 255 59 65 63 255 47 52 50 255
110 88 83 100 255 70 66 80 255 44 41 50 255 35 33 40 255
111 17 71 26 157 13 56 20 157 8 35 13 157 6 28 10 157
112 51 27 33 255 40 21 26 255 25 13 16 255 20 10 13 255
113 51 27 33 255 40 21 26 255 25 13 16 255 20 10 13 255
114 51 27 33 255 40 21 26 255 25 13 16 255 20 10 13 255
115 102 23 21 38 81 18 16 38 51 11 10 38 40 9 8 38
115:1 96 22 19 73 76 17 15 73 48 11 9 73 38 8 7 73
115:2 96 22 19 73 76 17 15 73 48 11 9 73 38 8 7 73
115:3 98 25 21 160 78 20 16 160 49 12 10 160 39 10 8 160
115:4 98 25 21 160 78 20 16 160 49 12 10 160 39 10 8 160
115:5 98 25 21 160 78 20 16 160 49 12 10 160 39 10 8 160
115:6 98 25 21 160 78 20 16 160 49 12 10 160 39 10 8 160
115:7 98 25 21 160 78 20 16 160 49 12 10 160 39 10 8 160
116 35 42 44 255 28 33 35 255 17 21 22 255 14 16 17 255
117 88 86 78 117 70 68 62 117 44 43 39 117 35 34 31 117
118 95 94 73 111 76 75 58 111 47 47 36 111 38 37 29 111
119 38 44 56 255 30 35 44 255 19 22 28 255 15 17 22 255
120 93 93 75 255 74 74 60 255 46 46 37 255 37 37 30 255
120:4 113 117 89 96 90 93 71 96 56 58 44 96 45 46 35 96
120:5 113 117 89 96 90 93 71 96 56 58 44 96 45 46 35 96
120:6 113 117 89 96 90 93 71 96 56 58 44 96 45 46 35 96
120:7 113 117 89 96 90 93 71 96 56 58 44 96 45 46 35 96
121 179 179 156 255 143 143 124 255 89 89 78 255 71 71 62 255
122 37 37 41 255 29 29 32 255 18 18 20 255 14 14 16 255
123 80 75 58 255 64 60 46 255 40 37 29 255 32 30 23 255
124 117 134 125 255 93 107 100 255 58 67 62 255 46 53 50 255
125 65 55 46 255 52 44 36 255 32 27 23 255 26 22 18 255
125:1 53 40 39 255 42 32 31 255 26 20 19 255 21 16 15 255
125:2 132 117 100 255 105 93 80 255 66 58 50 255 52 46 40 255
125:3 61 65 49 255 48 52 39 255 30 32 24 255 24 26 19 255
125:4 105 48 43 255 84 38 34 255 52 24 21 255 42 19 17 255
125:5 48 41 36 255 38 32 28 255 24 20 18 255 19 16 14 255
125:9 53 40 39 255 42 32 31 255 26 20 19 255 21 16 15 255
125:10 132 117 100 255 105 93 80 255 66 58 50 255 52 46 40 255
125:11 61 65 49 255 48 52 39 255 30 32 24 255 24 26 19 255
125:12 105 48 43 255 84 38 34 255 52 24 21 255 42 19 17 255
125:13 48 41 36 255 38 32 28 255 24 20 18 255 19 16 14 255
126 65 55 46 255 52 44 36 255 32 27 23 255 26 22 18 255
126:1 53 40 39 255 42 32 31 255 26 20 19 255 21 16 15 255
126:2 132 117 100 255 105 93 80 255 66 58 50 255 52 46 40 255
126:3 61 65 49 255 48 52 39 255 30 32 24 255 24 26 19 255
126:4 105 48 43 255 84 38 34 255 52 24 21 255 42 19 17 255
126:5 48 41 36 255 38 32 28 255 24 20 18 255 19 16 14 255
126:9 53 40 39 255 42 32 31 255 26 20 19 255 21 16 15 255
126:10 132 117 100 255 105 93 80 255 66 58 50 255 52 46 40 255
126:11 61 65 49 255 48 52 39 255 30 32 24 255 24 26 19 255
126:12 105 48 43 255 84 38 34 255 52 24 21 255 42 19 17 255
126:13 48 41 36 255 38 32 28 255 24 20 18 255 19 16 14 255
127 164 130 7 131 131 104 5 131 82 65 3 131 65 52 2 131
128 194 188 163 255 155 150 130 255 97 94 81 255 77 75 65 255
129 99 153 134 255 79 122 107 255 49 76 67 255 39 61 53 255
130:2 39 54 54 197 31 43 43 197 19 27 27 197 15 21 21 197
130:3 39 54 54 197 31 43 43 197 19 27 27 197 15 21 21 197
130:4 39 54 54 197 31 43 43 197 19 27 27 197 15 21 21 197
130:5 39 54 54 197 31 43 43 197 19 27 27 197 15 21 21 197
131 132 142 134 255 105 113 107 255 66 71 67 255 52 56 53 255
133 56 163 125 255 44 130 100 255 28 81 62 255 22 65 50 255
134 53 40 39 255 42 32 31 255 26 20 19 255 21 16 15 255
135 132 117 100 255 105 93 80 255 66 58 50 255 52 46 40 255
136 61 65 49 255 48 52 39 255 30 32 24 255 24 26 19 255
137 94 103 90 255 75 82 72 255 47 51 45 255 37 41 36 255
138 79 70 47 96 63 56 37 96 39 35 23 96 31 28 18 96
139 132 142 134 255 105 113 107 255 66 71 67 255 52 56 53 255
139:1 142 160 145 255 113 128 116 255 71 80 72 255 56 64 58 255
140 143 91 60 49 114 72 48 49 71 45 30 49 57 36 24 49
141 31 91 47 12 24 72 37 12 15 45 23 12 12 36 18 12
141:2 32 95 50 35 25 76 40 35 16 47 25 35 12 38 20 35
141:3 32 95 50 35 25 76 40 35 16 47 25 35 12 38 20 35
141:4 30 88 48 53 24 70 38 53 15 44 24 53 12 35 19 53
141:5 30 88 48 53 24 70 38 53 15 44 24 53 12 35 19 53
141:6 30 88 48 53 24 70 38 53 15 44 24 53 12 35 19 53
141:7 32 90 48 104 25 72 38 104 16 45 24 104 12 36 19 104
142 31 91 47 12 24 72 37 12 15 45 23 12 12 36 18 12
142:2 32 95 50 35 25 76 40 35 16 47 25 35 12 38 20 35
142:3 32 95 50 35 25 76 40 35 16 47 25 35 12 38 20 35
142:4 30 88 48 53 24 70 38 53 15 44 24 53 12 35 19 53
142:5 30 88 48 53 24 70 38 53 15 44 24 53 12 35 19 53
142:6 30 88 48 53 24 70 38 53 15 44 24 53 12 35 19 53
142:7 26 83 46 114 20 66 36 114 13 41 23 114 10 33 18 114
143 65 55 46 255 52 44 36 255 32 27 23 255 26 22 18 255
145 171 171 151 255 136 136 120 255 85 85 75 255 68 68 60 255
146 72 80 89 197 57 64 71 197 36 40 44 197 28 32 35 197
146:4 61 78 102 210 48 62 81 210 30 39 51 210 24 31 40 210
146:5 61 78 102 210 48 62 81 210 30 39 51 210 24 31 40 210
146:6 61 78 102 210 48 62 81 210 30 39 51 210 24 31 40 210
146:7 61 78 102 210 48 62 81 210 30 39 51 210 24 31 40 210
146:8 61 78 102 210 48 62 81 210 30 39 51 210 24 31 40 210
146:9 61 78 102 210 48 62 81 210 30 39 51 210 24 31 40 210
146:10 61 78 102 210 48 62 81 210 30 39 51 210 24 31 40 210
146:11 61 78 102 210 48 62 81 210 30 39 51 210 24 31 40 210
147 162 139 82 255 129 111 65 255 81 69 41 255 64 55 32 255
148 158 154 123 255 126 123 98 255 79 77 61 255 63 61 49 255
149 176 176 171 255 140 140 136 255 88 88 85 255 70 70 68 255
150 182 176 171 255 145 140 136 255 91 88 85 255 72 70 68 255
151 83 91 84 255 66 72 67 255 41 45 42 255 33 36 33 255
152 144 81 54 255 115 64 43 255 72 40 27 255 57 32 21 255
153 154 97 87 255 123 77 69 255 77 48 43 255 61 38 34 255
154 43 43 43 255 34 34 34 255 21 21 21 255 17 17 17 255
155 226 230 223 255 180 184 178 255 113 115 111 255 90 92 89 255
155:1 213 218 210 255 170 174 168 255 106 109 105 255 85 87 84 255
155:2 221 226 220 255 176 180 176 255 110 113 110 255 88 90 88 255
155:3 205 212 202 255 164 169 161 255 102 106 101 255 82 84 80 255
155:4 205 212 202 255 164 169 161 255 102 106 101 255 82 84 80 255
156 226 230 223 255 180 184 178 255 113 115 111 255 90 92 89 255
157 101 90 70 211 80 72 56 211 50 45 35 211 40 36 28 211
157:8 106 89 70 211 84 71 56 211 53 44 35 211 42 35 28 211
157:9 106 89 70 211 84 71 56 211 53 44 35 211 42 35 28 211
157:10 106 89 70 211 84 71 56 211 53 44 35 211 42 35 28 211
157:11 106 89 70 211 84 71 56 211 53 44 35 211 42 35 28 211
157:12 106 89 70 211 84 71 56 211 53 44 35 211 42 35 28 211
157:13 106 89 70 211 84 71 56 211 53 44 35 211 42 35 28 211
158 132 133 122 255 105 106 97 255 66 66 61 255 52 53 48 255
158:1 138 141 130 255 110 112 104 255 69 70 65 255 55 56 52 255
159 237 221 214 255 189 176 171 255 118 110 107 255 94 88 85 255
159:1 223 117 65 255 178 93 52 255 111 58 32 255 89 46 26 255
159:2 195 116 195 255 156 92 156 255 97 58 97 255 78 46 78 255
159:3 141 170 195 255 112 136 156 255 70 85 97 255 56 68 78 255
159:4 212 172 65 255 169 137 52 255 106 86 32 255 84 68 26 255
159:5 116 179 77 255 92 143 61 255 58 89 38 255 46 71 30 255
159:6 226 176 179 255 180 140 143 255 113 88 89 255 90 70 71 255
159:7 72 70 67 255 57 56 53 255 36 35 33 255 28 28 26 255
159:8 150 148 142 255 120 118 113 255 75 74 71 255 60 59 56 255
159:9 56 133 146 255 44 106 116 255 28 66 73 255 22 53 58 255
159:10 112 65 146 255 89 52 116 255 56 32 73 255 44 26 58 255
159:11 57 90 153 255 45 72 122 255 28 45 76 255 22 36 61 255
159:12 100 64 47 255 80 51 37 255 50 32 23 255 40 25 18 255
159:13 62 120 53 255 49 96 42 255 31 60 26 255 24 48 21 255
159:14 153 55 55 255 122 44 44 255 76 27 27 255 61 22 22 255
159:15 43 36 35 255 34 28 28 255 21 18 17 255 17 14 14 255
160 158 153 141 176 126 122 112 176 79 76 70 176 63 61 56 176
160:1 158 85 25 176 126 68 20 176 79 42 12 176 63 34 10 176
160:2 158 38 75 176 126 30 60 176 79 19 37 176 63 15 30 176
160:3 43 104 141 176 34 83 112 176 21 52 70 176 17 41 56 176
160:4 158 135 25 176 126 108 20 176 79 67 12 176 63 54 10 176
160:5 77 153 25 176 61 122 20 176 38 76 12 176 30 61 10 176
160:6 158 95 132 176 126 76 105 176 79 47 66 176 63 38 52 176
160:7 71 66 54 176 56 52 43 176 35 33 27 176 28 26 21 176
160:8 100 95 83 176 80 76 66 176 50 47 41 176 40 38 33 176
160:9 43 95 83 176 34 76 66 176 21 47 41 176 17 38 33 176
160:10 118 38 91 176 94 30 72 176 59 19 45 176 47 15 36 176
160:11 43 55 141 176 34 44 112 176 21 27 70 176 17 22 56 176
160:12 100 61 25 176 80 48 20 176 50 30 12 176 40 24 10 176
160:13 43 95 31 176 34 76 24 176 21 47 15 176 17 38 12 176
160:14 158 38 25 176 126 30 20 176 79 19 12 176 63 15 10 176
160:15 43 38 25 176 34 30 20 176 21 19 12 176 17 15 10 176
161 14 63 26 232 11 50 20 232 7 31 13 232 5 25 10 232
161:1 12 53 22 154 9 42 17 154 6 26 11 154 4 21 8 154
161:5 12 53 22 154 9 42 17 154 6 26 11 154 4 21 8 154
161:9 12 53 22 154 9 42 17 154 6 26 11 154 4 21 8 154
161:13 12 53 22 154 9 42 17 154 6 26 11 154 4 21 8 154
162 93 52 47 255 74 41 37 255 46 26 23 255 37 20 18 255
162:1 124 103 95 255 99 82 76 255 62 51 47 255 49 41 38 255
162:4 80 66 56 255 64 52 44 255 40 33 28 255 32 26 22 255
162:5 46 38 30 255 36 30 24 255 23 19 15 255 18 15 12 255
162:8 80 66 56 255 64 52 44 255 40 33 28 255 32 26 22 255
162:9 46 38 30 255 36 30 24 255 23 19 15 255 18 15 12 255
162:12 80 66 56 255 64 52 44 255 40 33 28 255 32 26 22 255
162:13 46 38 30 255 36 30 24 255 23 19 15 255 18 15 12 255
163 105 48 43 255 84 38 34 255 52 24 21 255 42 19 17 255
164 48 41 36 255 38 32 28 255 24 20 18 255 19 16 14 255
165 132 195 210 150 105 156 168 150 66 97 105 150 52 78 84 150
167 132 122 85 230 105 97 68 230 66 61 42 230 52 48 34 230
168 64 81 75 255 51 64 60 255 32 40 37 255 25 32 30 255
168:1 92 105 99 255 73 84 79 255 46 52 49 255 36 42 39 255
168:2 94 108 102 255 75 86 81 255 47 54 51 255 37 43 40 255
169 93 113 108 255 74 90 86 255 46 56 54 255 37 45 43 255
170 222 194 89 255 177 155 71 255 111 97 44 255 88 77 35 255
171 222 224 221 255 177 179 176 255 111 112 110 255 88 89 88 255
171:1 226 120 69 255 180 96 55 255 113 60 34 255 90 48 27 255
171:2 178 101 206 255 142 80 164 255 89 50 103 255 71 40 82 255
171:3 122 171 214 255 97 136 171 255 61 85 107 255 48 68 85 255
171:4 218 191 70 255 174 152 56 255 109 95 35 255 87 76 28 255
171:5 89 200 80 255 71 160 64 255 44 100 40 255 35 80 32 255
171:6 223 172 183 255 178 137 146 255 111 86 91 255 89 68 73 255
171:7 45 48 48 255 36 38 38 255 22 24 24 255 18 19 19 255
171:8 130 140 140 255 104 112 112 255 65 70 70 255 52 56 56 255
171:9 26 114 132 255 20 91 105 255 13 57 66 255 10 45 52 255
171:10 82 57 163 255 65 45 130 255 41 28 81 255 32 22 65 255
171:11 28 73 151 255 22 58 120 255 14 36 75 255 11 29 60 255
171:12 64 50 34 255 51 40 27 255 32 25 17 255 25 20 13 255
171:13 36 108 35 255 28 86 28 255 18 54 17 255 14 43 14 255
171:14 126 39 45 255 100 31 36 255 63 19 22 255 50 15 18 255
171:15 15 18 19 255 12 14 15 255 7 9 9 255 6 7 7 255
172 176 115 86 255 140 92 68 255 88 57 43 255 70 46 34 255
173 42 47 55 255 33 37 44 255 21 23 27 255 16 18 22 255
174 160 217 232 255 128 173 185 255 80 108 116 255 64 86 92 255
175 54 62 47 192 43 49 37 192 27 31 23 192 21 24 18 192
175:8 70 57 45 109 56 45 36 109 35 28 22 109 28 22 18 109
175:9 70 57 45 109 56 45 36 109 35 28 22 109 28 22 18 109
175:10 70 57 45 109 56 45 36 109 35 28 22 109 28 22 18 109
175:11 70 57 45 109 56 45 36 109 35 28 22 109 28 22 18 109
175:12 70 57 45 109 56 45 36 109 35 28 22 109 28 22 18 109
175:13 70 57 45 109 56 45 36 109 35 28 22 109 28 22 18 109
175:14 70 57 45 109 56 45 36 109 35 28 22 109 28 22 18 109
175:15 70 57 45 109 56 45 36 109 35 28 22 109 28 22 18 109
178 82 77 61 255 65 61 48 255 41 38 30 255 32 30 24 255
179 154 79 65 255 123 63 52 255 77 39 32 255 61 31 26 255
180 145 74 62 255 116 59 49 255 72 37 31 255 58 29 24 255
181 154 79 65 255 123 63 52 255 77 39 32 255 61 31 26 255
182 154 79 65 255 123 63 52 255 77 39 32 255 61 31 26 255
183 53 40 39 255 42 32 31 255 26 20 19 255 21 16 15 255
184 132 117 100 255 105 93 80 255 66 58 50 255 52 46 40 255
185 61 65 49 255 48 52 39 255 30 32 24 255 24 26 19 255
186 48 41 36 255 38 32 28 255 24 20 18 255 19 16 14 255
187 105 48 43 255 84 38 34 255 52 24 21 255 42 19 17 255
188 53 40 39 255 42 32 31 255 26 20 19 255 21 16 15 255
189 132 117 100 255 105 93 80 255 66 58 50 255 52 46 40 255
190 61 65 49 255 48 52 39 255 30 32 24 255 24 26 19 255
191 48 41 36 255 38 32 28 255 24 20 18 255 19 16 14 255
192 105 48 43 255 84 38 34 255 52 24 21 255 42 19 17 255
193 78 66 50 255 62 52 40 255 39 33 25 255 31 26 20 255
194 217 210 179 255 173 168 143 255 108 105 89 255 86 84 71 255
195 72 69 52 236 57 55 41 236 36 34 26 236 28 27 20 236
196 161 93 58 183 128 74 46 183 80 46 29 183 64 37 23 183
197 59 51 40 255 47 40 32 255 29 25 20 255 23 20 16 255

Biome Mapping
[RAINFOREST]	49	67	21	255	39	54	17	255	25	34	11	255	20	27	8	255
[SWAMPLAND]	64	128	0	255	51	102	0	255	32	64	0	255	26	51	0	255
[SEASONAL_FOREST]	51	165	42	255	41	132	34	255	26	83	21	255	20	66	17	255
[FOREST]	0	128	64	255	0	102	51	255	0	64	32	255	0	51	26	255
[SAVANNA]	58	58	58	255	46	46	46	255	29	29	29	255	23	23	23	255
[SHRUBLAND]	170	158	24	255	136	126	19	255	85	79	12	255	68	63	10	255
[TAIGA]	204	255	102	255	163	204	82	255	102	128	51	255	82	102	41	255
[DESERT]	255	255	102	255	204	204	82	255	128	128	51	255	102	102	41	255
[PLAINS]	255	204	102	255	204	163	82	255	128	102	51	255	102	82	41	255
[ICE_DESERT]	26	33	103	255	21	26	82	255	13	17	52	255	10	13	41	255
[TUNDRA]	222	222	222	255	178	178	178	255	111	111	111	255	89	89	89	255
[HELL]	255	0	0	255	204	0	0	255	128	0	0	255	102	0	0	255
[SKY]	102	204	255	255	82	163	204	255	51	102	128	255	41	82	102	255
[OCEAN]	0	0	255	255	0	0	204	255	0	0	128	255	0	0	102	255
[RIVER]	0	128	255	255	0	102	204	255	0	64	128	255	0	51	102	255
[EXTREME_HILLS]	128	64	0	255	102	51	0	255	64	32	0	255	51	26	0	255
[FROZEN_OCEAN]	102	255	204	255	82	204	163	255	51	128	102	255	41	102	82	255
[FROZEN_RIVER]	102	102	255	255	82	82	204	255	51	51	128	255	41	41	102	255
[ICE_PLAINS]	102	255	255	255	82	204	204	255	51	128	128	255	41	102	102	255
[ICE_MOUNTAINS]	255	255	255	255	204	204	204	255	128	128	128	255	102	102	102	255
[MUSHROOM_ISLAND]	255	111	207	255	204	89	166	255	128	56	104	255	102	44	83	255
[MUSHROOM_SHORE]	255	0	128	255	204	0	102	255	128	0	64	255	102	0	51	255
[BEACH]	255	206	75	255	230	185	68	255	255	206	75	255	179	144	53	255
[DESERT_HILLS]	255	146	51	255	230	131	46	255	255	146	51	255	179	102	36	255
[FOREST_HILLS]	0	162	100	255	0	146	90	255	0	162	100	255	0	113	70	255
[TAIGA_HILLS]	178	212	117	255	160	191	105	255	178	212	117	255	125	148	82	255
[SMALL_MOUNTAINS]	184	103	33	255	166	93	30	255	184	103	33	255	129	72	23	255
[JUNGLE]	49	67	21	255	39	54	17	255	25	34	11	255	20	27	8	255
[JUNGLE_HILLS]	33	44	14	255	26	36	12	255	16	22	7	255	13	18	6	255
Rainfall/Temperature Mapping
[RAINFALL-0.0]	120	120	120	255	96	96	96	255	60	60	60	255	48	48	48	255
[RAINFALL-1.0]	38	92	255	255	30	73	204	255	19	46	127	255	15	36	102	255
[TEMPERATURE-0.0]	38	92	255	255	30	73	204	255	19	46	127	255	15	36	102	255
[TEMPERATURE-0.5]	91	121	185	255	73	96	147	255	46	61	92	255	36	48	73	255
[TEMPERATURE-0.8]	51	165	42	255	41	131	33	255	26	82	21	255	20	65	17	255
[TEMPERATURE-0.9]	170	158	24	255	135	126	19	255	85	79	12	255	67	62	10	255
[TEMPERATURE-0.95]	204	111	48	255	162	89	38	255	102	56	24	255	81	44	19	255
[TEMPERATURE-1.0]	143	39	36	255	114	31	28	255	71	20	18	255	57	16	14	255
